-6.880849853947154093e-01
-2.973009565497697904e-01
7.484932347614425829e-02
4.307317390071442320e-01
7.957895590752944726e-01
1.163010638797789875e+00
1.522333553501587389e+00
1.864338696339461698e+00
2.176892669414849379e+00
2.517226964920439514e+00
2.830464977876329780e+00
3.131101226269202176e+00
3.445217643756697257e+00
3.745925825701339029e+00
4.029754129170719956e+00
4.288753265284571015e+00
4.567150463546663097e+00
4.849327742769157013e+00
5.113941862417945572e+00
5.363587570636029866e+00
5.585712895015657153e+00
5.876699507411073498e+00
6.133102341694725013e+00
6.375227770867456734e+00
6.604838172248247652e+00
6.824177769082496958e+00
7.034739135389493470e+00
7.237466557030193925e+00
7.432904651719653089e+00
7.621277768737678038e+00
7.802649816938051153e+00
7.978559544106119006e+00
8.153302225825187932e+00
8.326935584687277014e+00
8.498970867328949907e+00
8.661834304379807392e+00
8.816902093428463871e+00
8.965298719919282178e+00
9.107942047837562782e+00
9.246854428588973107e+00
9.404991372371387826e+00
9.540131716810590135e+00
9.643678074303315029e+00
9.801566523175122114e+00
9.882198770761645434e+00
1.007300601168821252e+01
1.017281213356747394e+01
1.024177046342165731e+01
1.033986592338761312e+01
1.046504379413253893e+01
1.058303839810105274e+01
1.069402962191673190e+01
1.080753931502121112e+01
1.091652544206917774e+01
1.102882854915705302e+01
1.113967018190410130e+01
1.124081953820477509e+01
1.136482357352825900e+01
1.148395812386401182e+01
1.162943020652327064e+01
1.175002919765467446e+01
1.188286314236789565e+01
1.205272232609802430e+01
1.211444411779044295e+01
1.220341706642037671e+01
1.231405975238186912e+01
1.244671115749461698e+01
1.257512559391711626e+01
1.269982560024288709e+01
1.282760275095480829e+01
1.295710503912115286e+01
1.305570137964826927e+01
1.317686829989784414e+01
1.332860139483289608e+01
1.346084132757102303e+01
1.362401890065970100e+01
1.376195954337330107e+01
1.392288341749974911e+01
1.409526322704846990e+01
1.426527360990183091e+01
1.442854137913806234e+01
1.459075416630027888e+01
1.475392376738532185e+01
1.491866304677114030e+01
1.508518751199286889e+01
1.525363616956367352e+01
1.542412677134178622e+01
1.559674703421542930e+01
1.577154135089883447e+01
1.594851356729010128e+01
1.612763285354354892e+01
1.630882608869823613e+01
1.649197472181365853e+01
1.667693625021906811e+01
1.686357638272643555e+01
1.705178840982618738e+01
1.724149410698193918e+01
1.743263213140119205e+01
1.762514044158168858e+01
1.781893881071159313e+01
1.801391451050160342e+01
1.820989694766784694e+01
1.840652329273211052e+01
1.860197517183786786e+01
1.878557735189505706e+01
1.900751046492798935e+01
1.921387999306291050e+01
1.941708910711955482e+01
1.961794567668625788e+01
1.981803513425702334e+01
2.001749257940748805e+01
2.021445111319219734e+01
2.041222721785921124e+01
2.061149348208651588e+01
2.081358750732908902e+01
2.101880359365770801e+01
2.122429185170689081e+01
2.142951351844959618e+01
2.163426389544716244e+01
2.183850138115673190e+01
2.204226001422277292e+01
2.224561047892781218e+01
2.244863385644250897e+01
2.265140684087129230e+01
2.285397139030850866e+01
2.305435378957729142e+01
2.326239110334002547e+01
2.346686974000257209e+01
2.366982095558580568e+01
2.387263625736067141e+01
2.407532117523826543e+01
2.427789107209176933e+01
2.448038067853133981e+01
2.468283436420782095e+01
2.488529783951218732e+01
2.508781537779604420e+01
2.529043157336509751e+01
2.549319452799509023e+01
2.569615872986392802e+01
2.589938812443894278e+01
2.610296052753033180e+01
2.630697248457635595e+01
2.651153949921498310e+01
2.671677658911007214e+01
2.692123849531256852e+01
2.713061090038078405e+01
2.734007307871949521e+01
2.754998822128647973e+01
2.776118684836421835e+01
2.797262482251299431e+01
2.818391176974990486e+01
2.839500103412935417e+01
2.860557487089581485e+01
2.880684240124817563e+01
2.902536348827196733e+01
2.924022357329187471e+01
2.945503919587500263e+01
2.967006546808801914e+01
2.988539899406524114e+01
3.010051712580949967e+01
3.031499679193996855e+01
3.052408976795495121e+01
3.075603581314577184e+01
3.097512550131220976e+01
3.118775770724077034e+01
3.139915162502199308e+01
3.161122027702391790e+01
3.183128113515863333e+01
3.201480519404258729e+01
3.227817571989472611e+01
3.248600810432002106e+01
3.269361148009814144e+01
3.290141503337395079e+01
3.310946369709395753e+01
3.331780060078672534e+01
3.352643073931578499e+01
3.373515440985489988e+01
3.394308877511308964e+01
3.414877954751498379e+01
3.435210071410693189e+01
3.455425272531063285e+01
3.475112650376481582e+01
3.496464175667946961e+01
3.517937412246415363e+01
3.539336305122095894e+01
3.560733027276666007e+01
3.581300390955038893e+01
3.603803764580258928e+01
3.625730235261575274e+01
3.647693689503347514e+01
3.669681601129023107e+01
3.691695978349444829e+01
3.713736683091588731e+01
3.735804192726393325e+01
3.757899582522527027e+01
3.780024263740324386e+01
3.802179884278989164e+01
3.824368326860805212e+01
3.846591704356551134e+01
3.868852286251701145e+01
3.891152394714157481e+01
3.913494645412771433e+01
3.935883821156430429e+01
3.958332019445563077e+01
3.980855333467435031e+01
4.003406864058018755e+01
4.025846698409262103e+01
4.048182952118910549e+01
4.070152060657579085e+01
4.093252467695731411e+01
4.116006667729011070e+01
4.138041275438110489e+01
4.162572645383909986e+01
4.186136013820957658e+01
4.208893999719953882e+01
4.230947770696835164e+01
4.251637957880480911e+01
4.271835123289282166e+01
4.292224538268600043e+01
4.312831216225971787e+01
4.333629485781615642e+01
4.354563099558259864e+01
4.375614803188182123e+01
4.396772988676516292e+01
4.417965405393148615e+01
4.439170092723469452e+01
4.460367364653033917e+01
4.481474500207183098e+01
4.501526925326481887e+01
4.527024977112423443e+01
4.550125502454046966e+01
4.572588181840098542e+01
4.594909453666186039e+01
4.617224415331084941e+01
4.639684769943964682e+01
4.662971103550565033e+01
4.686338717066308845e+01
4.708969105144196021e+01
4.733813252829030915e+01
4.756933943143619103e+01
4.779280775336768272e+01
4.802073776151653561e+01
4.824681608901923369e+01
4.846995826213429837e+01
4.869085369495646631e+01
4.890716232733547741e+01
4.914528903688848516e+01
4.939635657763646748e+01
4.963669050393956184e+01
4.987657407028653012e+01
5.011537153031737546e+01
5.033207226896927011e+01
5.059432878653763055e+01
5.083540898398421604e+01
5.107703052834903446e+01
5.131975918121165847e+01
5.156326624165426153e+01
5.180733051572853753e+01
5.205204712068442063e+01
5.229840997264688696e+01
5.255544255353525784e+01
5.281357785536892635e+01
5.307807601984032431e+01
5.333747488615259869e+01
5.359312431307741775e+01
5.384612320281164699e+01
5.409694598421637579e+01
5.434573153259623979e+01
5.459253780272903356e+01
5.483746644729292541e+01
5.508071600681904556e+01
5.532259462759117241e+01
5.556350445985309960e+01
5.580389956821799302e+01
5.604420959030799310e+01
5.628425238111178430e+01
5.650319206274719619e+01
5.677154823494728220e+01
5.701990531068116042e+01
5.726760910952864947e+01
5.751468814507776983e+01
5.776132610124088984e+01
5.800748319390428520e+01
5.825308734496701391e+01
5.849804918181854418e+01
5.874222275225225331e+01
5.898535328015329071e+01
5.922610115279550769e+01
5.946131523325688306e+01
5.970298672048510014e+01
5.994274923093645668e+01
6.018089347434776215e+01
6.041690829795157214e+01
6.065095174172834191e+01
6.088390116119955309e+01
6.111676031156427769e+01
6.135016492636247420e+01
6.158435371863668450e+01
6.181938706637472336e+01
6.205531392552707359e+01
6.229222487814858766e+01
6.253021500138791566e+01
6.276918355825280571e+01
6.300558070824597223e+01
6.326092931282066445e+01
6.350892296095691592e+01
6.375629059176453239e+01
6.400435161697882336e+01
6.425159102123360810e+01
6.453552049595961648e+01
6.478647846427827517e+01
6.503148918987862714e+01
6.529567097892471850e+01
6.555851758190934220e+01
6.582010621824640850e+01
6.608021549820375640e+01
6.633827354919741026e+01
6.659316203639114917e+01
6.684387253093714776e+01
6.709010513612277293e+01
6.733236812647194824e+01
6.757159289833489879e+01
6.780910127983693769e+01
6.804738542357166864e+01
6.832802725357244356e+01
6.857571870769679379e+01
6.882289525021836596e+01
6.906727963664552306e+01
6.930834455400849947e+01
6.954708331237738150e+01
6.978490373488062914e+01
7.002247405257020318e+01
7.024609775728400507e+01
7.051594100284499689e+01
7.076493960194191857e+01
7.101117216386232656e+01
7.125486595011722102e+01
7.149699552229563437e+01
7.173825894506182976e+01
7.197910914487363243e+01
7.221976620511884448e+01
7.246025673319311977e+01
7.270048806612381043e+01
7.294030679759040936e+01
7.317952414464393485e+01
7.341800431355716228e+01
7.365602393767443345e+01
7.389194666728499783e+01
7.412591026971314534e+01
7.438077609424476577e+01
7.463734223299989878e+01
7.489226033205474664e+01
7.516682870225247370e+01
7.544041114064623343e+01
7.570521942106795166e+01
7.596572780893522747e+01
7.622441550117909514e+01
7.648218681258300933e+01
7.673938923178164373e+01
7.699604848205635221e+01
7.725193250339428630e+01
7.750680865982849355e+01
7.776077283468717383e+01
7.801421860298090394e+01
7.826751550553068171e+01
7.852083664848804290e+01
7.877421518827266311e+01
7.902766169219745507e+01
7.928123517464339898e+01
7.953503448494592476e+01
7.978912801921850928e+01
8.004347969541130681e+01
8.029794208537026634e+01
8.055235682958785048e+01
8.080668937776096072e+01
8.106105028971772697e+01
8.131559268399335849e+01
8.157041761387040424e+01
8.182555861845712286e+01
8.208101382687608805e+01
8.233677705235329825e+01
8.259284645548846981e+01
8.284921457245162912e+01
8.310585575663033353e+01
8.336272613692152333e+01
8.361978075247864695e+01
8.387699774824494625e+01
8.413439091075281340e+01
8.439200084075653763e+01
8.464987384545737825e+01
8.490804494087996090e+01
8.516653281185111268e+01
8.542534364671398350e+01
8.568447692653602132e+01
8.594392853169044599e+01
8.620369060430478214e+01
8.646375048522122597e+01
8.672409156582141065e+01
8.698469723475443516e+01
8.724555642411509382e+01
8.750666750483823364e+01
8.776803807637345756e+01
8.802968102892688762e+01
8.829160957601339987e+01
8.855383390447771319e+01
8.881636029151211176e+01
8.907919184671217749e+01
8.934232953820074385e+01
8.960577270109823189e+01
8.986951907963263864e+01
9.013356498184407428e+01
9.039790605063784312e+01
9.066253860228987094e+01
9.092746089392929321e+01
9.119267354804749459e+01
9.145817883416020777e+01
9.172397921227505435e+01
9.199007591507537995e+01
9.225646816053152577e+01
9.252315309926773068e+01
9.279012622044280079e+01
9.305738187176692122e+01
9.332491372184919953e+01
9.359271520213198414e+01
9.386078004495477956e+01
9.412910294745735484e+01
9.439768023089338556e+01
9.466651027671862551e+01
9.493559358938871640e+01
9.520493251476774788e+01
9.547453079433637413e+01
9.574439314934110712e+01
9.601452496759807786e+01
9.628493199454271689e+01
9.655561978473694751e+01
9.682659254627161260e+01
9.709785081584385580e+01
9.736938698106924051e+01
9.764117682887017224e+01
9.791316386622428070e+01
9.818523096464927846e+01
9.845714941770492601e+01
9.872847609754491316e+01
9.899825836132148993e+01
9.926344445969141361e+01
9.954098105374275463e+01
9.981711280582288737e+01
1.000981388057166726e+02
1.003738089561333595e+02
1.006480257297430683e+02
1.009221916927989326e+02
1.011965955276955924e+02
1.014710743627009464e+02
1.017452571368256145e+02
1.020186290212900531e+02
1.022906271982487709e+02
1.025609136622690585e+02
1.028296760686231011e+02
1.030975841471026655e+02
1.033654304281709813e+02
1.036338454599487306e+02
1.039032332533355287e+02
1.041738093869419686e+02
1.044456438349349696e+02
1.047186950579634299e+02
1.049928490905513172e+02
1.052679688182370228e+02
1.055439410511109060e+02
1.058206983362930913e+02
1.060982059341844490e+02
1.063764307023964619e+02
1.066553162271888908e+02
1.069347744097352688e+02
1.072146892868901915e+02
1.074949250496140820e+02
1.077753339175270924e+02
1.080557646882795808e+02
1.083360745812982486e+02
1.086161445762262048e+02
1.088958948358401386e+02
1.091752949568157760e+02
1.094543649014202060e+02
1.097331662094238993e+02
1.100117871296327365e+02
1.102903268127173391e+02
1.105688823300916965e+02
1.108475399208351462e+02
1.111263701641405390e+02
1.114054261952976077e+02
1.116847443407013571e+02
1.119643469626379044e+02
1.122442472372984099e+02
1.125244549149063857e+02
1.128049813062479956e+02
1.130858415862282840e+02
1.133670534754648287e+02
1.136486329986300632e+02
1.139305891763839611e+02
1.142129194485724639e+02
1.144956066086773347e+02
1.147786167413225940e+02
1.150618963626283318e+02
1.153453651545446519e+02
1.156288971765449105e+02
1.159122769110396263e+02
1.161951052541889737e+02
1.164766019808578079e+02
1.167552625124122159e+02
1.170299866526626431e+02
1.173047981239941322e+02
1.176313435244875052e+02
1.179360821724493888e+02
1.182318273675671065e+02
1.185248274462039433e+02
1.188160831126492099e+02
1.191050303884482702e+02
1.193905981975890569e+02
1.196713961596939413e+02
1.199459922087102939e+02
1.202138497469409373e+02
1.204768686191051756e+02
1.207390248419063994e+02
1.210029486868592414e+02
1.212680461893505708e+02
1.215302988201769239e+02
1.217830018276220159e+02
1.220228646612231671e+02
1.222549754264381363e+02
1.225665907373735593e+02
1.228014709304579810e+02
1.230874462645886354e+02
1.233764025215646285e+02
1.236677531457202974e+02
1.239558948001284620e+02
1.242379943697342242e+02
1.245175241241965267e+02
1.248028434130396391e+02
1.250981825259077596e+02
1.254026385744984537e+02
1.257123448450722805e+02
1.260202615818928535e+02
1.263202931676776899e+02
1.266108727925651749e+02
1.268930934481248443e+02
1.271689073597874255e+02
1.274409322211167392e+02
1.277125632315215569e+02
1.279873334303794508e+02
1.282676406433846523e+02
1.285540150872782021e+02
1.288453245708376755e+02
1.291395867046698811e+02
1.294350540948398702e+02
1.297308479019196739e+02
1.300268581583283378e+02
1.303233530239635911e+02
1.306206683249559433e+02
1.309190561266652821e+02
1.312186509128492844e+02
1.315194897139451200e+02
1.318215364938421033e+02
1.321246963568373189e+02
1.324288298307453715e+02
1.327337745438910588e+02
1.330393695004049448e+02
1.333454740228310413e+02
1.336519777999383507e+02
1.339588028640722257e+02
1.342659000209926887e+02
1.345732421918228283e+02
1.348808165828109793e+02
1.351886171389135427e+02
1.354966384065918987e+02
1.358048716066488169e+02
1.361133033118437652e+02
1.364219166514325821e+02
1.367306945215430289e+02
1.370396239762692403e+02
1.373487008676039522e+02
1.376579338720250121e+02
1.379673472097945819e+02
1.382769815462314114e+02
1.385868927227247127e+02
1.388971481259739562e+02
1.392078207445748319e+02
1.395189813572553987e+02
1.398306898420327684e+02
1.401429871473481512e+02
1.404558897581603674e+02
1.407693882461108217e+02
1.410834505883005363e+02
1.413980294787595540e+02
1.417130710524594690e+02
1.420285202186637434e+02
1.423443139329798726e+02
1.426603436277656556e+02
1.429763375952498734e+02
1.432915255624294844e+02
1.436036958313055436e+02
1.439069586142755099e+02
1.441834048558808661e+02
1.445633607225967125e+02
1.449275371211852246e+02
1.452661222296963501e+02
1.455884229070978222e+02
1.458965481226496763e+02
1.461765639532950161e+02
1.464493659061652693e+02
1.467342935237970778e+02
1.470294071343582516e+02
1.473298577249966570e+02
1.476324090472243427e+02
1.479346485708928185e+02
1.482350071896656232e+02
1.485331084456662438e+02
1.488286243532075446e+02
1.491204968112213578e+02
1.494077369896364189e+02
1.496902440448006644e+02
1.499685224875149174e+02
1.502430218072682067e+02
1.505135180444634386e+02
1.507795728045054489e+02
1.510421628629045472e+02
1.513039165725913051e+02
1.515675329203452009e+02
1.518346875218545051e+02
1.521063190515256451e+02
1.523830301515600922e+02
1.526648912339518915e+02
1.529512092210389085e+02
1.532406363635101911e+02
1.535314582832021699e+02
1.538220086138827014e+02
1.541116247572906275e+02
1.544027229532634919e+02
1.547020793216366030e+02
1.550163128048474164e+02
1.553459893079977405e+02
1.556859996512608575e+02
1.560296012858543691e+02
1.563723843344225486e+02
1.567121947267807229e+02
1.570464983967544583e+02
1.573700556542712832e+02
1.576802347501613895e+02
1.579840895324849726e+02
1.582945568456068770e+02
1.586189891569682118e+02
1.589560714652902220e+02
1.593005821803872948e+02
1.596385399416751341e+02
1.599619433145765584e+02
1.602800799272666552e+02
1.606025023840132917e+02
1.609306151034054437e+02
1.612622592810467381e+02
1.615890061938178235e+02
1.619056253261610436e+02
1.622179740935511347e+02
1.625331249625005796e+02
1.628524761349841867e+02
1.631736800235195517e+02
1.634912852361248099e+02
1.638002709309195097e+02
1.641019998768587413e+02
1.644013088328701429e+02
1.647011231690327406e+02
1.650022396919649736e+02
1.653035872079944113e+02
1.656036047052872107e+02
1.659030849729517740e+02
1.662046034238662173e+02
1.665099427793851987e+02
1.668190089698877898e+02
1.671301943819703695e+02
1.674411883734136381e+02
1.677501886941229543e+02
1.680568174142887301e+02
1.683619668079692531e+02
1.686669949208346111e+02
1.689730255218227342e+02
1.692805805930402130e+02
1.695895222001165337e+02
1.698993703501775201e+02
1.702098355311009357e+02
1.705211105211233757e+02
1.708336524614940117e+02
1.711476804552003443e+02
1.714628743101515909e+02
1.717785012579558952e+02
1.720938700796998546e+02
1.724088799864341865e+02
1.727242357491942073e+02
1.730410301371155413e+02
1.733600260983887154e+02
1.736812331815360153e+02
1.740039949523502116e+02
1.743275117727758072e+02
1.746513736965341650e+02
1.749755047504868912e+02
1.752997309121343790e+02
1.756235999323906185e+02
1.759465684757421684e+02
1.762684182281942071e+02
1.765894938987972580e+02
1.769103651914305715e+02
1.772312664071903612e+02
1.775518451312652530e+02
1.778713369023559778e+02
1.781889339624802915e+02
1.785038497304234681e+02
1.788150153542533474e+02
1.791210140393867789e+02
1.794211553206362453e+02
1.797187655840047853e+02
1.800227316075431361e+02
1.803380946784555476e+02
1.806591040543946747e+02
1.809768599848398765e+02
1.812931273339310678e+02
1.816156047993302991e+02
1.819479359931662259e+02
1.822871156318805106e+02
1.826267912522187089e+02
1.829635056253083860e+02
1.832967658609599937e+02
1.836273278119372492e+02
1.839576896281658946e+02
1.842936614228196675e+02
1.846432428141516766e+02
1.850082159581888561e+02
1.853829935382759118e+02
1.857614321608092780e+02
1.861329137981749398e+02
1.864924820545390673e+02
1.868556815466027956e+02
1.872339555685228163e+02
1.876219676594925545e+02
1.879986586366662493e+02
1.883646081585676200e+02
1.887319836561251236e+02
1.890959624400528583e+02
1.894423171457626154e+02
1.897665296606990353e+02
1.900844132418401387e+02
1.904043278694462629e+02
1.907260052549823683e+02
1.910448869108796828e+02
1.913676918299584315e+02
1.917025362921672524e+02
1.920488201995948145e+02
1.923990992995930185e+02
1.927473156246715291e+02
1.930958012002506621e+02
1.934476265013344687e+02
1.938021084333635429e+02
1.941553201107235509e+02
1.945058521860754581e+02
1.948578492088999212e+02
1.952134270560736695e+02
1.955693491841248886e+02
1.959202247422493315e+02
1.962658143870033598e+02
1.966093364290435659e+02
1.969512526427431283e+02
1.972892557224771508e+02
1.976234119878156719e+02
1.979583561348832177e+02
1.982970743494676640e+02
1.986380662278193654e+02
1.989785372162221506e+02
1.993189805118630318e+02
1.996610260753822956e+02
2.000039219314382137e+02
2.003453754176811117e+02
2.006850913723293672e+02
2.010256156589927343e+02
2.013688199454012135e+02
2.017139915339194260e+02
2.020594598779053683e+02
2.024052383645710620e+02
2.027521658706812389e+02
2.030995569546358865e+02
2.034454479540638943e+02
2.037890572004777425e+02
2.041317591730693835e+02
2.044749010346556872e+02
2.048182283156212122e+02
2.051609242641022206e+02
2.055033491153268130e+02
2.058463720584403518e+02
2.061897116837752151e+02
2.065321852112263628e+02
2.068734437385085982e+02
2.072145029329830095e+02
2.075563249350965123e+02
2.078988902771758944e+02
2.082419327410343612e+02
2.085859139278662440e+02
2.089314923159847126e+02
2.092785037054958366e+02
2.096261815868085421e+02
2.099742586283713308e+02
2.103232753104161930e+02
2.106737484586524545e+02
2.110256144426457467e+02
2.113786474297697850e+02
2.117330393372444348e+02
2.120891624454647229e+02
2.124469522930874348e+02
2.128059030034462467e+02
2.131656682135256915e+02
2.135264119115894346e+02
2.138884659256373482e+02
2.142518658571976857e+02
2.146163850248432823e+02
2.149819142086765851e+02
2.153485746549730209e+02
2.157164068144478222e+02
2.160851399560135917e+02
2.164544028872375350e+02
2.168240963624913036e+02
2.171944126895314184e+02
2.175654915791903363e+02
2.179372061226285666e+02
2.183093433489438269e+02
2.186818556813748842e+02
2.190547702126812624e+02
2.194279196746090577e+02
2.198009691202192357e+02
2.201737298883080030e+02
2.205462446246341415e+02
2.209184870251037864e+02
2.212901973889047440e+02
2.216611340283545246e+02
2.220312635361172227e+02
2.224005539171128021e+02
2.227688328521265078e+02
2.231360292543765809e+02
2.235023243714169610e+02
2.238679073922927785e+02
2.242328156505721211e+02
2.245971277024908943e+02
2.249610658885156340e+02
2.253248054574095249e+02
2.256884041660579783e+02
2.260519849570923441e+02
2.264157847597694229e+02
2.267799702461731215e+02
2.271445713605824039e+02
2.275096161537960597e+02
2.278751719095856743e+02
2.282412301413210400e+02
2.286076919126764437e+02
2.289744988679897233e+02
2.293416739064797980e+02
2.297092171946336236e+02
2.300770659315899991e+02
2.304451796997956308e+02
2.308135752820261644e+02
2.311822522989395452e+02
2.315511663185772022e+02
2.319203041461006478e+02
2.322897158250783889e+02
2.326594430760037540e+02
2.330294751523607886e+02
2.333997977628800129e+02
2.337704251221323375e+02
2.341413544660219088e+02
2.345125409967162966e+02
2.348839478434447301e+02
2.352555778536368223e+02
2.356274311370551118e+02
2.359994734399566312e+02
2.363716714288048024e+02
2.367440205997712042e+02
2.371165157843381621e+02
2.374891324533664658e+02
2.378618605327709190e+02
2.382347230037353540e+02
2.386077410707620459e+02
2.389809112573302059e+02
2.393542296908470632e+02
2.397277039932130265e+02
2.401013231559303165e+02
2.404750362921561475e+02
2.408487496056939392e+02
2.412222597278018270e+02
2.415950288949770197e+02
2.419656818422657807e+02
2.423314187831846596e+02
2.426949904247099425e+02
2.430815033465571560e+02
2.434993554720136046e+02
2.439304510545233029e+02
2.443565337640741006e+02
2.447763255815146408e+02
2.451926327030346329e+02
2.456041701781182383e+02
2.460106118334526855e+02
2.464266265551556785e+02
2.468640095646131840e+02
2.473132386180794526e+02
2.477577247230984199e+02
2.481916121947679130e+02
2.486184076015458970e+02
2.490413962761038817e+02
2.494643041633394773e+02
2.498951405996478456e+02
2.503371243916595006e+02
2.507826769940369331e+02
2.512221945964281247e+02
2.516534669866444744e+02
2.520815206780680171e+02
2.525115581503083604e+02
2.529477923855846484e+02
2.533931312988705429e+02
2.538468941110368178e+02
2.543037217599795667e+02
2.547570331630541318e+02
2.552056082077820633e+02
2.556541204180278442e+02
2.561068974700141325e+02
2.565640351958464294e+02
2.570239043432860058e+02
2.574855239482313323e+02
2.579461948953924093e+02
2.584026290765297063e+02
2.588559088094106642e+02
2.593103804152063390e+02
2.597676762042667633e+02
2.602259049170406797e+02
2.606838779894790719e+02
2.611414965396018033e+02
2.615976093562067035e+02
2.620517491289679697e+02
2.625063064695477806e+02
2.629638133275998371e+02
2.634238661910285941e+02
2.638847832682491230e+02
2.643462029941431979e+02
2.648081497019054495e+02
2.652700410505491959e+02
2.657320969275019138e+02
2.661958173386711337e+02
2.666620410111852379e+02
2.671302031074041565e+02
2.676000967631669596e+02
2.680726024443539472e+02
2.685482835791876255e+02
2.690271773902390464e+02
2.695101921920667678e+02
2.699988758403277416e+02
2.704923558788674995e+02
2.709836737027878826e+02
2.713698647596406204e+02
2.719532370458878177e+02
2.724596504633864242e+02
2.729405363944715077e+02
2.734042169040185399e+02
2.738501553281377028e+02
2.742951344681000023e+02
2.747506589395554784e+02
2.752100339585652478e+02
2.756552070200817752e+02
2.760737381408248439e+02
2.764902616116836498e+02
2.769175801892082518e+02
2.773596075899334323e+02
2.778133717812947907e+02
2.782686448427344885e+02
2.787342157058034218e+02
2.792198545467081203e+02
2.797259092400466898e+02
2.802480578473034711e+02
2.807712391717650462e+02
2.812787576444014235e+02
2.817607639271953985e+02
2.821989452269791059e+02
2.829070357196874852e+02
2.832287109167228323e+02
2.837470665765345643e+02
2.842615575524349083e+02
2.847659445627898549e+02
2.852537232206901763e+02
2.856926778020246616e+02
2.861180645425875468e+02
2.866541064117635074e+02
2.871533356830631192e+02
2.876569805130852728e+02
2.881609896370634942e+02
2.886605762208522492e+02
2.891444055881037798e+02
2.896095421839723372e+02
2.900643299046938068e+02
2.905123032518431501e+02
2.909466721028687175e+02
2.913337640632022953e+02
2.920695607376196108e+02
2.924972178021787954e+02
2.927834301213575259e+02
2.932658519248117273e+02
2.937268702199845620e+02
2.941814983614668222e+02
2.946336539807649046e+02
2.950830624695407778e+02
2.955242777062911159e+02
2.959498275985897635e+02
2.963601722149082889e+02
2.967633133608192679e+02
2.971648699193755192e+02
2.975657194492953295e+02
2.979637919570679401e+02
2.983541185896908701e+02
2.987244410398778314e+02
2.990383605708732375e+02
2.997199778402526817e+02
3.000602652452150210e+02
3.007571207151025305e+02
3.013350324275930348e+02
3.022262510830171891e+02
3.029765362832918640e+02
3.038686246198117260e+02
3.045117504183400570e+02
3.052083018628044329e+02
3.059504289145208986e+02
3.069356106498980807e+02
3.075129236619214907e+02
3.080270863320794774e+02
3.084559881891495365e+02
3.090042450903588929e+02
3.094928116819483535e+02
3.099287221653500524e+02
3.107395350811178218e+02
3.114672682198156508e+02
3.124112850398608998e+02
3.129085318895844807e+02
3.133873539916542654e+02
3.138516933357373091e+02
3.143030911824487816e+02
3.147411996988568035e+02
3.151651237024074703e+02
3.155747421497426899e+02
3.159708532674060848e+02
3.163540235501532720e+02
3.167230740236875590e+02
3.170742199446777363e+02
3.174009372666886861e+02
3.176626970009546653e+02
3.182822949985105652e+02
3.185594102714755422e+02
3.186306500275361486e+02
3.187870587737959909e+02
3.191528119793837845e+02
3.194316653148342766e+02
3.196568807294817134e+02
3.198567857893352198e+02
3.200540099639175651e+02
3.202629379056564858e+02
3.204762601324912907e+02
3.206841617099769906e+02
3.213961648100788011e+02
3.220315523903326493e+02
3.227140886603501713e+02
3.233928079216402125e+02
3.240748414163207940e+02
3.247629623943704473e+02
3.253964008576876381e+02
3.259978406400770155e+02
3.265805248061238331e+02
3.271450767687185248e+02
3.276924446475696868e+02
3.282245867787248699e+02
3.287432030481492120e+02
3.292484444273818553e+02
3.297388405606845367e+02
3.302129249551414318e+02
3.306705770424341608e+02
3.311117030104710466e+02
3.315344499870724917e+02
3.319382379578284485e+02
3.323276572892858098e+02
3.327089203173564442e+02
3.330570820403589778e+02
3.337780505050628790e+02
3.340191814189843171e+02
3.345181757281366117e+02
3.350031242280256834e+02
3.354513392793958815e+02
3.359995486361597727e+02
3.364518834536867757e+02
3.369155168264048257e+02
3.373341794325999672e+02
3.377308688755443882e+02
3.381225690432298165e+02
3.385158425669291660e+02
3.389131430711356074e+02
3.393149518098867929e+02
3.397209167548497817e+02
3.401305623420399797e+02
3.405435598827459671e+02
3.409596436195894853e+02
3.413784276718541832e+02
3.417993889451049654e+02
3.422220733656614016e+02
3.426459740449675451e+02
3.430672013720848668e+02
3.434719929012248372e+02
3.439124711815570095e+02
3.444106046613085823e+02
3.449165598284498628e+02
3.454659281232072203e+02
3.460256583410493363e+02
3.465546712168734302e+02
3.470617347840109801e+02
3.475499793922409708e+02
3.480187152057783919e+02
3.485016864454741494e+02
3.490301848823835371e+02
3.495670630902056928e+02
3.500929123427878267e+02
3.506083107806425687e+02
3.511137813557837717e+02
3.516292568817524398e+02
3.521871248050875352e+02
3.527679651253261000e+02
3.533461353383602273e+02
3.539167890141138173e+02
3.544719853520929291e+02
3.550508551905426202e+02
3.557261824354636133e+02
3.564064755351874965e+02
3.570444166651204227e+02
3.576393693803594260e+02
3.581851738865600510e+02
3.587282355550764237e+02
3.593464181290582360e+02
3.599694839822825543e+02
3.605716034757836610e+02
3.611647080514446770e+02
3.617577380686757920e+02
3.623643297627971265e+02
3.630061987261598233e+02
3.636636969038686971e+02
3.642973195434109357e+02
3.648928524155977016e+02
3.654525383616601175e+02
3.659992733367751612e+02
3.665697839188071043e+02
3.671602384435064437e+02
3.677485067976483606e+02
3.683250212162955108e+02
3.688896763995207948e+02
3.694650003016948858e+02
3.700761101024881441e+02
3.706919429017959260e+02
3.712869655897689540e+02
3.718604524258458355e+02
3.724303502574165918e+02
3.730221856750561074e+02
3.736239089231872299e+02
3.742117337082452764e+02
3.747822626505210337e+02
3.753471347045453399e+02
3.759266376709677502e+02
3.765212774412748331e+02
3.771143238507503384e+02
3.776982807640750934e+02
3.782760656341270078e+02
3.788583362007071855e+02
3.794519051793477615e+02
3.800469917752164974e+02
3.806324020279315050e+02
3.812078276330247490e+02
3.817834162962319056e+02
3.823704052134687004e+02
3.829657954255410459e+02
3.835591948697838234e+02
3.841470728285572704e+02
3.847353219304487197e+02
3.853330217543568210e+02
3.859389342369448173e+02
3.865436560086710074e+02
3.871428386945976854e+02
3.877402775314729411e+02
3.883428791107428992e+02
3.889511636072284091e+02
3.895585751104571841e+02
3.901607692784548362e+02
3.907598068648972571e+02
3.913603259849646179e+02
3.919558462978994271e+02
3.924453853654995328e+02
3.932463951740026005e+02
3.938522969014094883e+02
3.944637065931725033e+02
3.950803227997105296e+02
3.957068394694715607e+02
3.963630691692677601e+02
3.970336339185515158e+02
3.976721998909771969e+02
3.982187013964725111e+02
3.993700441490376534e+02
4.005662999944665330e+02
4.016270971993287731e+02
4.025370708324482507e+02
4.034872452622080914e+02
4.043828247300463090e+02
4.056659166691705991e+02
4.065956920374248966e+02
4.070515155410394073e+02
4.073538034024342664e+02
4.078722766825142116e+02
4.083906190970563443e+02
4.089039774852568598e+02
4.093842519854864577e+02
4.098651089971061197e+02
4.103972915553231360e+02
4.113055418494188871e+02
4.118234359337320711e+02
4.120877189717203350e+02
4.126024353041439099e+02
4.130428843553564775e+02
4.134546029350299250e+02
4.138745559730946297e+02
4.143056836861517809e+02
4.147348352596135896e+02
4.150366791619052833e+02
4.155379478876996586e+02
4.160373471713243134e+02
4.164418049857700339e+02
4.170246268626805772e+02
4.173789405372524470e+02
4.179403710271287764e+02
4.185118996906586517e+02
4.190885051882080461e+02
4.196688461411212643e+02
4.202480088247031631e+02
4.208114174338668363e+02
4.213231597829487782e+02
4.217149443767303865e+02
4.223374121764219922e+02
4.226377569073555378e+02
4.232101598544634840e+02
4.234693604749151632e+02
4.236322951620718982e+02
4.237781974039558577e+02
4.239198841445402195e+02
4.243131918197008758e+02
4.243483393718879597e+02
4.246626360807765650e+02
4.248522115776985402e+02
4.253494712765214558e+02
4.257267184812380378e+02
4.263809117936228859e+02
4.269145681036197857e+02
4.277266592841979786e+02
4.283329759525494183e+02
4.292415103370412908e+02
4.301195553784980916e+02
4.308350574963250210e+02
4.319406362655847715e+02
4.327403222220909811e+02
4.336707427549903855e+02
4.345531578856099486e+02
4.353980768314941656e+02
4.362120750603506281e+02
4.369819106663836692e+02
4.376723755962880205e+02
4.386936671169502802e+02
4.393610229086236245e+02
4.402481634949382965e+02
4.410520423010738114e+02
4.418126261186032480e+02
4.425284342791989047e+02
4.431956617171143193e+02
4.438742092386947320e+02
4.445698515412259439e+02
4.452594893441286672e+02
4.458931049304096064e+02
4.464410068289287778e+02
4.471462061902405480e+02
4.476489725380596951e+02
4.483018082956425019e+02
4.492232898908333141e+02
4.499369952806017636e+02
4.505938278762832851e+02
4.512697657007449834e+02
4.519623221622059646e+02
4.526152555252521097e+02
4.534941537803485403e+02
4.541689542869586944e+02
4.557327459173454827e+02
4.565329887494759191e+02
4.578111229022146063e+02
4.588140786933413438e+02
4.598939715301220303e+02
4.605873128299253381e+02
4.618169435747206535e+02
4.629278965174551104e+02
4.639176987661882663e+02
4.646988617149226002e+02
4.655319174133760498e+02
4.663813623755561366e+02
4.671708312814145643e+02
4.679128762807013118e+02
4.685874708104743718e+02
4.693879350914324391e+02
4.699622361849155823e+02
4.703967526098262510e+02
4.708607896614058177e+02
4.713237323861670234e+02
4.717834254515253747e+02
4.722374446690337209e+02
4.726836795496779473e+02
4.731216153186571773e+02
4.735535965112601389e+02
4.739840349230223069e+02
4.744173284636516996e+02
4.748560065938203252e+02
4.753001016301408868e+02
4.757480768449729567e+02
4.761982393266214899e+02
4.766494448806830633e+02
4.771009929998420489e+02
4.775524692620913356e+02
4.780037817905597421e+02
4.784550219285456478e+02
4.789061796210855846e+02
4.793570202653207843e+02
4.798071346570781088e+02
4.802557912214143698e+02
4.807013816693229273e+02
4.811415551225103400e+02
4.815752794996647026e+02
4.820036209156907603e+02
4.824080563489318934e+02
4.830743964678450766e+02
4.836144944490409330e+02
4.840719729468952437e+02
4.844720804567303958e+02
4.846084700001849228e+02
4.851571582165914833e+02
4.856201514877195109e+02
4.861902575087704008e+02
4.866635012239746629e+02
4.874846982025769648e+02
4.880925568392183891e+02
4.891074649620355217e+02
4.900814213304560667e+02
4.910075351790188734e+02
4.918775910131619753e+02
4.927032864805445342e+02
4.934957729360645544e+02
4.943479827133069193e+02
4.951378283331463876e+02
4.958152886947050888e+02
4.962038421604856921e+02
4.972043681160561164e+02
4.979159128034325477e+02
4.987561100988499447e+02
4.995589873187265653e+02
5.003106566972178939e+02
5.010152144439028348e+02
5.015799475275228474e+02
5.024513328005063499e+02
5.030459163007895995e+02
5.040124061498646029e+02
5.045361015450051241e+02
5.049966013637857714e+02
5.055363226039841038e+02
5.060090542860244227e+02
5.064191101574500067e+02
5.066547830185668317e+02
5.073911023804342904e+02
5.078406481664155763e+02
5.082658091849118591e+02
5.086851178829455193e+02
5.090540165723007249e+02
5.097863553246191941e+02
5.101201981410109738e+02
5.113558054046499706e+02
5.125988023861608553e+02
5.133151879758709129e+02
5.146595044098838798e+02
5.157869585512701178e+02
5.168100200894605223e+02
5.178692120120725804e+02
5.187420540176674422e+02
5.192928073470595791e+02
5.204352501533954864e+02
5.212645131708353574e+02
5.218189131474099440e+02
5.224317636309550608e+02
5.230672857570449423e+02
5.235278543753206577e+02
5.244298752871026181e+02
5.249716832972355860e+02
5.254504808153113800e+02
5.261553211768406300e+02
5.267890906001515532e+02
5.275556429308949191e+02
5.282113145953383082e+02
5.290472896191583914e+02
5.298264903245787991e+02
5.300899723788536448e+02
5.309543026503313286e+02
5.318331743774111828e+02
5.325460937018208369e+02
5.334436070556922687e+02
5.342726741775699111e+02
5.350474347172749958e+02
5.357544344796209543e+02
5.363864792635678214e+02
5.371200490829756973e+02
5.377508170782814432e+02
5.385350173624568697e+02
5.391640839349527141e+02
5.397040749823231636e+02
5.401791848988650599e+02
5.405874190762499438e+02
5.409015301601541523e+02
5.414980329667091610e+02
5.417701939412144156e+02
5.422509758936885191e+02
5.426592555105370366e+02
5.430419566274849785e+02
5.434029250783021325e+02
5.437114593697023111e+02
5.442187706145110724e+02
5.444886417902124549e+02
5.449960895360784434e+02
5.454666606443028058e+02
5.459058392205676000e+02
5.463388130506282323e+02
5.472364332595614087e+02
5.476534644969448209e+02
5.482366411259048391e+02
5.488911909665982876e+02
5.495398901163204073e+02
5.501920999139698552e+02
5.508479481884139659e+02
5.515070281544544741e+02
5.521685307807786103e+02
5.528312992632361329e+02
5.534939712439704635e+02
5.541551167769808899e+02
5.548132900636776412e+02
5.554670309037958305e+02
5.561149029569442064e+02
5.567555851264153262e+02
5.573879517771157452e+02
5.580110888860017440e+02
5.586241342035809794e+02
5.592211900688782862e+02
5.596889602884964461e+02
5.607229127061667668e+02
5.609600787298392106e+02
5.615061750689352493e+02
5.620372730693267158e+02
5.625537264407084876e+02
5.630553107505379558e+02
5.635421827503141685e+02
5.640142820603027758e+02
5.644691915011721903e+02
5.648847254432874934e+02
5.651564014398500149e+02
5.661703388330510052e+02
5.666081418912717709e+02
5.674850883334079299e+02
5.678000079498523291e+02
5.683989733256640875e+02
5.689802163809198419e+02
5.695550458583506952e+02
5.701258397856786360e+02
5.706906036684163155e+02
5.712457043985729115e+02
5.717911084065933665e+02
5.723317625990049464e+02
5.728738849271943536e+02
5.734205603371376583e+02
5.739707970987387853e+02
5.745192189695982279e+02
5.750492296127250711e+02
5.755384143999981461e+02
5.761494647118058765e+02
5.767927910791581780e+02
5.774420899982875426e+02
5.782783127669207488e+02
5.790323580836463861e+02
5.797515836407973211e+02
5.804386081714693546e+02
5.810938861315411259e+02
5.817154161992394847e+02
5.823009524802439500e+02
5.828526760112684997e+02
5.833762970558132110e+02
5.838771562035467468e+02
5.843586789523423022e+02
5.848208897797826467e+02
5.852518345610067172e+02
5.855798632809419360e+02
5.860028695454368517e+02
5.865203893592488384e+02
5.868227748533374779e+02
5.871010624100088080e+02
5.874279100845250241e+02
5.880082665921016769e+02
5.895896523293603195e+02
5.907724208704812554e+02
5.919805136650306849e+02
5.928954181121805505e+02
5.938504246078326787e+02
5.950997382588777782e+02
5.962962298188014074e+02
5.966421814227243203e+02
5.974845333795702800e+02
5.981687922294471491e+02
5.987865132051745150e+02
5.992029858629074397e+02
5.995533244048654069e+02
5.998651585488547653e+02
6.001115525775694550e+02
6.003043727679229278e+02
6.004791076917832697e+02
6.006565839951388170e+02
6.007457428077235591e+02
6.011891429118599035e+02
6.012436702553046644e+02
6.014091814377775336e+02
6.015932428573673860e+02
6.017911366455925872e+02
6.017615830045559733e+02
6.021760373918518781e+02
6.023876936726950362e+02
6.025708778292450916e+02
6.029653871798717546e+02
6.032300116675447725e+02
6.036037269879169571e+02
6.039738348898630420e+02
6.043466224927938129e+02
6.047197657488767391e+02
6.050910431314671314e+02
6.054593588142563476e+02
6.058261926755815239e+02
6.061966143279032622e+02
6.065780822584532643e+02
6.069785824639179737e+02
6.074064835145204597e+02
6.078709979880134142e+02
6.083788574172916697e+02
6.089220446923520740e+02
6.094276624845124388e+02
6.103085015680704828e+02
6.109473612442026251e+02
6.118250618861096655e+02
6.126567982808118131e+02
6.135194110676222863e+02
6.144045577248914469e+02
6.152673295162383056e+02
6.160926926482338786e+02
6.168788650189283089e+02
6.176279978336475551e+02
6.183569829082921387e+02
6.190895675577959310e+02
6.198159186195035772e+02
6.204984351785468562e+02
6.209689208193509558e+02
6.220971903192211130e+02
6.226595018662494567e+02
6.228680399243984311e+02
6.239084041661986930e+02
6.246716258551414285e+02
6.253566688519716763e+02
6.260014212149827699e+02
6.265217434894350390e+02
6.276060639700690444e+02
6.279102319814567181e+02
6.286281146265730513e+02
6.292590318046355833e+02
6.299704756847349927e+02
6.309327349074515041e+02
6.316810356003047673e+02
6.325160969971889244e+02
6.333069658855092712e+02
6.340498414352671261e+02
6.347052163071857649e+02
6.354014513417029093e+02
6.363283273834480269e+02
6.371922096200978558e+02
6.380063774216664569e+02
6.387709570955764775e+02
6.394393068513491016e+02
6.398978220169759652e+02
6.408873837342393927e+02
6.423335341660570066e+02
6.433766508159908426e+02
6.443064242805702406e+02
6.451670410837588179e+02
6.459624814537639850e+02
6.465776707394418281e+02
6.476479838331570136e+02
6.481034135737467068e+02
6.487172876217848625e+02
6.493149596958727443e+02
6.498616379928464539e+02
6.504091038006610006e+02
6.512202783998415043e+02
6.519956823199935343e+02
6.527677238831067825e+02
6.533790035045368541e+02
6.546118926188327123e+02
6.554910666025554065e+02
6.563323580422040777e+02
6.571140963218338129e+02
6.577219365799093111e+02
6.583709980088730163e+02
6.589994403701062993e+02
6.605051933821004013e+02
6.612490684005273351e+02
6.618240063631669727e+02
6.629008350343137863e+02
6.637084682857140479e+02
6.644078552553480677e+02
6.653224760421019255e+02
6.661281191012743648e+02
6.668712136312240091e+02
6.675465999577335197e+02
6.681831960012435729e+02
6.689079753683460012e+02
6.695950228784254250e+02
6.701442696028536830e+02
6.710291385086533182e+02
6.717225972408767802e+02
6.724066189325068308e+02
6.731438632090539613e+02
6.738470811062142047e+02
6.743854431036623964e+02
6.753465158479481261e+02
6.760599825374320062e+02
6.764899363710724174e+02
6.774057903147581783e+02
6.780124677398453059e+02
6.791370059947154232e+02
6.799209495816634217e+02
6.805342264777054879e+02
6.808058867602494502e+02
6.818468384860274227e+02
6.823792452611900217e+02
6.828573143598013075e+02
6.832996023836533368e+02
6.836962236589220083e+02
6.839808705791947432e+02
6.841653568145737836e+02
6.863118715722055185e+02
6.868500947153809193e+02
6.882487175186097375e+02
6.895521232225520407e+02
6.907494112656645484e+02
6.918165916429122717e+02
6.927236138441722915e+02
6.934510112453856436e+02
6.940261053729885816e+02
6.945204430700495095e+02
6.949755861542129196e+02
6.953677096382180025e+02
6.956776094338188159e+02
6.959318586858182698e+02
6.961614538459184587e+02
6.963787324023408019e+02
6.965834793332314803e+02
6.967727662776475199e+02
6.969471740052176756e+02
6.971105305599719486e+02
6.972664677820650923e+02
6.974127014537823470e+02
6.974434565159624526e+02
6.981036226504788829e+02
6.978617116576274384e+02
6.984371903999182223e+02
6.988508650022456550e+02
6.992615463626242445e+02
6.996469461860950787e+02
6.998766127228482219e+02
7.003006321288702338e+02
7.010139787088127150e+02
7.015135268012877532e+02
7.019267025501338821e+02
7.023660824307700068e+02
7.043172396939734199e+02
7.064360105027307100e+02
7.077620535728108280e+02
7.085400055998917423e+02
7.092075317427185155e+02
7.107347462424564810e+02
7.107594468862907888e+02
7.107208519276298375e+02
7.115323568439994233e+02
7.120128922004535070e+02
7.128501918663192782e+02
7.133525470447813177e+02
7.140808449808400837e+02
7.147208160449064280e+02
7.150597715888923176e+02
7.156243325106529483e+02
7.163275713609118611e+02
7.168176206712063276e+02
7.167485285495017706e+02
7.175095891288177654e+02
7.181330007599306100e+02
7.185696392020096255e+02
7.191313465717029203e+02
7.196461019633510432e+02
7.200632847613837839e+02
7.204243174306856190e+02
7.207605702559319525e+02
7.211489332319166579e+02
7.214276189041797807e+02
7.218122470220088189e+02
7.227246071892865302e+02
7.232449106114401047e+02
7.237667590689698045e+02
7.242268549744637767e+02
7.242560512216306279e+02
7.248133973705793096e+02
7.252462835261834471e+02
7.256836347568262227e+02
7.260990820216387647e+02
7.267467009321777596e+02
7.273079536515239170e+02
7.277651721238726168e+02
7.282362019026684266e+02
7.288638814664583379e+02
7.294562099741566499e+02
7.300237421935847806e+02
7.305555850041283747e+02
7.310829686277234032e+02
7.317496895861096391e+02
7.323903229926777385e+02
7.329545509194657598e+02
7.334811650725210939e+02
7.341014019823370518e+02
7.348698524853791696e+02
7.356856256187053305e+02
7.364566161797851009e+02
7.371636004112526734e+02
7.378538006801536540e+02
7.398660534385800247e+02
7.408220564161505308e+02
7.417787742570610590e+02
7.435811950447398431e+02
7.446095011833732542e+02
7.455410502050269770e+02
7.465052806807925663e+02
7.474523050807324580e+02
7.483020310502564598e+02
7.489730831394857660e+02
7.501419292814398432e+02
7.503769248024744911e+02
7.513647017159699999e+02
7.519141680321683907e+02
7.532752429475685858e+02
7.541764318029618153e+02
7.554826204787675579e+02
7.561839974125869048e+02
7.571488411493589865e+02
7.578537296435113149e+02
7.588275665471749107e+02
7.591798500229323281e+02
7.601819581357110565e+02
7.610273104279709742e+02
7.619672412916135045e+02
7.632557332571577717e+02
7.642412864059455160e+02
7.648798963938922952e+02
7.662234777991035344e+02
7.667635005431058062e+02
7.673823771549772346e+02
7.678426715285141881e+02
7.685108938514042620e+02
7.694343080680386038e+02
7.702193833661724511e+02
7.708473184749791471e+02
7.714564112693653897e+02
7.721962856169951692e+02
7.728241453307475695e+02
7.734157726404716868e+02
7.739704919688604150e+02
7.743526354839325450e+02
7.748703921419875087e+02
7.762357396061636337e+02
7.778739711505170362e+02
7.796606150231076526e+02
7.802129516072558317e+02
7.819063803862625264e+02
7.824092545004705244e+02
7.834692890938047185e+02
7.850131741408620201e+02
7.860801618638408854e+02
7.874341695824260796e+02
7.886898772288831196e+02
7.896265877423652455e+02
7.905324850896306543e+02
7.914154035921757213e+02
7.927685859485147830e+02
7.940103922572527608e+02
7.946518847328408128e+02
7.954982054535477118e+02
7.961365966025299485e+02
7.976903641352149634e+02
7.985696833933075141e+02
7.995277649907349087e+02
8.001791876333369373e+02
8.006101436153069244e+02
8.016301579898503178e+02
8.022464690773813345e+02
8.027048604023096914e+02
8.032536361390713182e+02
8.037776798133047578e+02
8.040555767681635189e+02
8.045346194302828735e+02
8.049503797707249078e+02
8.053286804824716683e+02
8.057267051715507478e+02
8.061488279984851033e+02
8.065765298867645470e+02
8.069915602791312494e+02
8.073885879494141591e+02
8.077715393586104256e+02
8.081384334029346519e+02
8.084741728523520123e+02
8.087952108919259899e+02
8.092786232258613381e+02
8.097201718333822100e+02
8.103690277320002906e+02
8.109836802560378146e+02
8.115213163936639376e+02
8.120178073798114156e+02
8.124900005257562725e+02
8.129457194700775062e+02
8.133910682827048504e+02
8.138312690327560404e+02
8.142680364452927506e+02
8.146974537952768287e+02
8.151094877143131043e+02
8.154886695506768319e+02
8.158325581805491993e+02
8.162103906138941056e+02
8.166982641501365379e+02
8.172486701839593479e+02
8.177963147182132388e+02
8.183197757259058562e+02
8.188238457673322728e+02
8.193127345647525317e+02
8.197861436699300839e+02
8.202424230820673756e+02
8.206871623423245410e+02
8.211441189670157428e+02
8.216462058818997320e+02
8.221862441651202289e+02
8.227260931187228152e+02
8.232452465762809197e+02
8.237403031326248311e+02
8.242130781042346825e+02
8.246670755525591403e+02
8.251110242157336643e+02
8.255635215850832083e+02
8.260456629756404254e+02
8.265547426957566586e+02
8.270677184779518711e+02
8.275690360675707780e+02
8.280546770971006936e+02
8.285269712845545200e+02
8.289928888707213446e+02
8.294649363291575810e+02
8.299567714349681182e+02
8.304686873210883959e+02
8.309855564864785720e+02
8.314937221704042258e+02
8.319876460066278696e+02
8.324685413089215444e+02
8.329432580104726185e+02
8.334227956289814756e+02
8.339150581609186474e+02
8.344157073307059136e+02
8.349138053481727866e+02
8.354021247545513233e+02
8.358798932387841205e+02
8.363521256043876519e+02
8.368277865001027749e+02
8.373140573738133980e+02
8.378090935012222644e+02
8.383047490003729081e+02
8.387948238337406792e+02
8.392784100817137869e+02
8.397595972730672429e+02
8.402452052758798118e+02
8.407393987957736954e+02
8.412390580061388619e+02
8.417373117344361617e+02
8.422297766639438805e+02
8.427169055324854980e+02
8.432031847313452317e+02
8.436938036876707656e+02
8.441897510293640607e+02
8.446869157321953026e+02
8.451807689926827152e+02
8.456702278705421350e+02
8.461581091479770294e+02
8.466488481092860638e+02
8.471445237520148339e+02
8.476429487172035806e+02
8.481405057234120477e+02
8.486357796078199272e+02
8.491305200968630515e+02
8.496278491826524260e+02
8.501288346129531419e+02
8.506301698156048587e+02
8.511244496872853915e+02
8.515999329087183014e+02
8.520401001541002870e+02
8.524389441669196685e+02
8.528388270714364126e+02
8.533093255480553125e+02
8.538665987005371107e+02
8.544672364553496209e+02
8.550615939097635874e+02
8.556305393847042069e+02
8.561766346525221252e+02
8.567088757237157779e+02
8.572342191540750491e+02
8.577541978317092344e+02
8.582667783376836041e+02
8.587709508209283058e+02
8.592697952393441483e+02
8.597702285863724683e+02
8.602794478809184966e+02
8.608011851877488425e+02
8.613357813667236087e+02
8.618824040786914793e+02
8.624393246791266847e+02
8.630025020157869449e+02
8.635658089575740632e+02
8.641237459995629706e+02
8.646738664534792633e+02
8.652169380403231571e+02
8.657553571368500798e+02
8.662915974626391744e+02
8.668281311848041923e+02
8.673679002184619549e+02
8.679135271772030364e+02
8.684655391117217960e+02
8.690215435656203908e+02
8.695776842465140817e+02
8.701311270243973013e+02
8.706811999762755931e+02
8.712285872591749012e+02
8.717739420962421946e+02
8.723175490037789359e+02
8.728601097398538968e+02
8.734032949463461364e+02
8.739491525619764616e+02
8.744988854662873337e+02
8.750522533304003900e+02
8.756080785661042682e+02
8.761650534230788026e+02
8.767219836384658720e+02
8.772775505530763667e+02
8.778302952267492856e+02
8.783791175479022968e+02
8.789237789870016968e+02
8.794648447237568689e+02
8.800031633464495826e+02
8.805394613615047774e+02
8.810743661904974715e+02
8.816085534187989197e+02
8.821425902679004594e+02
8.826765203542877316e+02
8.832096358499697999e+02
8.837407036064025760e+02
8.842684096050109019e+02
8.847916097149336565e+02
8.853092814306038463e+02
8.858204193269331199e+02
8.863240658432666805e+02
8.868192208082812158e+02
8.873106175278252294e+02
8.901401888666359810e+02
8.917805578289272717e+02
8.933931533957112379e+02
8.948741294079770796e+02
8.962254675500817029e+02
8.973814448082551962e+02
8.983420136952768189e+02
8.997750168231966654e+02
9.000140112928801273e+02
9.006006850149482261e+02
9.011601854974247772e+02
9.016912954350599421e+02
9.023100380541008008e+02
9.027536613505419609e+02
9.027914689073560339e+02
9.027573525397328922e+02
9.027203022214567909e+02
9.026511232339845492e+02
9.025105052852422887e+02
9.021339389052199067e+02
9.012793641126842203e+02
9.011878048188007142e+02
9.006278234918703447e+02
9.001697891687238098e+02
9.003143927361796841e+02
9.004112132930620191e+02
9.006157132284421323e+02
9.007013646178046429e+02
9.007314127635204386e+02
9.007323012164274587e+02
9.007127339138440902e+02
9.006776423782905567e+02
9.006296042816253475e+02
9.005767477017145666e+02
9.005340495062232549e+02
9.005113430721189616e+02
9.005093131950849283e+02
9.005273176949905292e+02
9.005690277841820262e+02
9.006380104793470309e+02
9.007300622104987724e+02
9.008343992919103584e+02
9.009427463632893023e+02
9.010528403621368625e+02
9.011644273568266499e+02
9.012763502349338296e+02
9.013874758619505201e+02
9.014976250228694425e+02
9.016065863636659969e+02
9.017134875304019488e+02
9.018177988590624636e+02
9.019200680369129941e+02
9.020211606037998990e+02
9.021215137198349794e+02
9.022215975802868115e+02
9.023224143987722528e+02
9.024248560600742621e+02
9.025288072958221619e+02
9.026331984294166659e+02
9.027364899008548491e+02
9.028365184581912217e+02
9.029298696820790155e+02
9.030114496250261027e+02
9.030741217089286010e+02
9.031086332366079432e+02
9.031086068433991159e+02
9.030947572147242681e+02
9.031523313602052667e+02
9.033590010011382674e+02
9.035440025308238319e+02
9.036917528484597142e+02
9.037950206906219819e+02
9.038644086810252247e+02
9.039085841632212350e+02
9.039329962897064661e+02
9.039414196059335609e+02
9.039366800637003507e+02
9.039207217364305507e+02
9.038944328207950321e+02
9.038580073748377117e+02
9.038143041749248141e+02
9.037759837419056339e+02
9.037469657740275579e+02
9.037244568418782364e+02
9.037206915635428004e+02
9.037244929447433606e+02
9.037350102194872079e+02
9.040337471595646548e+02
9.030956046057436879e+02
9.024161653266120311e+02
9.028092576552987794e+02
9.034641193986598182e+02
9.036843299410610371e+02
9.046023518888258650e+02
9.056208352968219515e+02
9.069015616333884964e+02
9.087400870915878386e+02
9.081595666302548580e+02
9.084218124246942807e+02
9.091777678720394533e+02
9.098495673851904257e+02
9.107699199842918460e+02
9.111773104656859914e+02
9.116338631099389431e+02
9.122564994737466577e+02
9.132868416559317666e+02
9.136359448069471227e+02
9.139975108285832448e+02
9.143549441443656178e+02
9.146300026369303851e+02
9.146194113479334646e+02
9.146629378696792401e+02
9.150888957990969175e+02
9.152053459896897039e+02
9.151340701302111711e+02
9.151187424792631191e+02
9.153640440014187334e+02
9.155603959557231519e+02
9.156893147056980524e+02
9.157738721391176568e+02
9.158350867153401396e+02
9.158836345603383506e+02
9.159056071855807204e+02
9.158506828735615954e+02
9.157083412711602932e+02
9.156149647340726005e+02
9.161417872027535623e+02
9.159250011407503962e+02
9.164248540622551218e+02
9.165754418627129780e+02
9.166541120115033436e+02
9.167522025964141221e+02
9.168600597302596498e+02
9.169253028793383464e+02
9.169384238376314897e+02
9.169201025316872347e+02
9.168859147213828464e+02
9.168413940285909121e+02
9.167880178670774285e+02
9.167297663440705264e+02
9.166750246496415002e+02
9.166311215909965995e+02
9.165991737919019897e+02
9.165759386680120997e+02
9.165578234840522782e+02
9.165428834549634303e+02
9.165323209340531321e+02
9.165323143537094666e+02
9.165477113389559918e+02
9.165754295068430793e+02
9.166168992317445827e+02
9.166658059735939332e+02
9.167134337065031104e+02
9.167556674782747450e+02
9.167912335426367463e+02
9.168199009514783029e+02
9.168417555012042612e+02
9.168569544476947613e+02
9.168656639292695445e+02
9.168680833802949337e+02
9.168645038041296402e+02
9.168553808677382904e+02
9.168414615472704554e+02
9.168240091240937772e+02
9.168050400920739094e+02
9.167871589945796131e+02
9.167725356203817455e+02
9.167620486668765807e+02
9.167557655342769749e+02
9.167528579032435800e+02
9.167515028431745350e+02
9.167499465269121401e+02
9.167472049293659211e+02
9.167430274804793271e+02
9.167376698892749118e+02
9.167317677861544780e+02
9.167263404873436912e+02
9.167228186042726747e+02
9.167228945755798577e+02
9.167280629136263315e+02
9.167390820627226731e+02
9.167557530146008276e+02
9.167770087221786071e+02
9.168012561372286200e+02
9.168269407299884506e+02
9.168529921748111065e+02
9.168789598851228675e+02
9.169049592434300848e+02
9.169315655448184543e+02
9.169596682982104312e+02
9.169902322715554419e+02
9.170239806161500837e+02
9.170611420020097739e+02
9.171013773712568309e+02
9.171438786987239382e+02
9.171876163698904065e+02
9.172316573943492131e+02
9.172754057116009108e+02
9.173186935301765743e+02
9.173617515035571159e+02
9.174050966614960316e+02
9.174493549951806699e+02
9.174950467692175380e+02
9.175424006019012495e+02
9.175912690964095191e+02
9.176411779986351576e+02
9.176914877575565015e+02
9.177415991484230062e+02
9.177911195138966605e+02
9.178399414729237833e+02
9.178882323085501866e+02
9.179363531443503916e+02
9.179847319780076305e+02
9.180337235600752592e+02
9.180834990011070431e+02
9.181340021431743708e+02
9.181849852317706109e+02
9.182361061927230139e+02
9.182870473497902140e+02
9.183376118756857522e+02
9.183877707890162583e+02
9.184376555954402193e+02
9.184875067013504122e+02
9.185375955231254466e+02
9.185881432414838628e+02
9.186392605262057032e+02
9.186909262885243379e+02
9.187430097948798675e+02
9.187953249767518855e+02
9.188476955005992295e+02
9.189000083471140670e+02
9.189522411789567968e+02
9.190044593272914426e+02
9.190567870638529939e+02
9.191093636125660851e+02
9.191622974671359998e+02
9.192156326444387560e+02
9.192693366197863725e+02
9.193233123788252215e+02
9.193774288960895547e+02
9.194315587273573556e+02
9.194856103407463479e+02
9.195395460624786210e+02
9.195933820549172424e+02
9.196471723497527364e+02
9.197009832400182177e+02
9.197548665908751673e+02
9.198088404089053256e+02
9.198628822564041911e+02
9.199169365938068950e+02
9.199709324754194313e+02
9.200248049429413868e+02
9.200785129675389271e+02
9.201320487235039991e+02
9.201854362699374406e+02
9.202387211087935839e+02
9.202919546350625524e+02
9.203451786532273218e+02
9.203984146921524143e+02
9.204516609875662425e+02
9.205048973454238421e+02
9.205580955672137407e+02
9.206112315578562857e+02
9.206642950867880018e+02
9.207172943252007826e+02
9.207702542043264202e+02
9.208232096461898664e+02
9.208761962143257733e+02
9.209292413335191441e+02
9.209823588114348922e+02
9.210355481322810647e+02
9.210887983279685614e+02
9.211420947480914947e+02
9.211954262446672601e+02
9.212487903811263550e+02
9.213021951486975922e+02
9.213556569564908614e+02
9.214091958966698712e+02
9.214628300838713812e+02
9.215165710119035793e+02
9.215704213653528996e+02
9.216243757841680235e+02
9.216784240544695876e+02
9.217325554444521458e+02
9.217867626527223592e+02
9.218410441214334696e+02
9.218954041332090128e+02
9.219498508959518404e+02
9.220043934556216527e+02
9.220590385758897582e+02
9.221137886229900005e+02
9.221686410640547820e+02
9.222235895980745681e+02
9.222786263987874236e+02
9.223337446321154403e+02
9.223889404004266908e+02
9.224442135353064032e+02
9.224995670938421881e+02
9.225550058536318829e+02
9.226105344050191661e+02
9.226661555187279191e+02
9.227218693153743061e+02
9.227776734486824353e+02
9.228335641544427972e+02
9.228895377373911515e+02
9.229455919570622200e+02
9.230017268552541054e+02
9.230579447978328744e+02
9.231142497908564337e+02
9.231706463724631249e+02
9.232271384989803664e+02
9.232837288067751160e+02
9.233404184664423155e+02
9.233972076212430693e+02
9.234540962006798281e+02
9.235110847905273204e+02
9.235681752519967631e+02
9.236253708991948770e+02
9.236826762147119325e+02
9.237400962435388010e+02
9.237976359013571255e+02
9.238552994382720271e+02
9.239130902208102043e+02
9.239710108688572063e+02
9.240290636582958541e+02
9.240872510174785930e+02
9.241455759300910131e+02
9.242040421067922580e+02
9.242626538795706210e+02
9.243214158706726948e+02
9.243803325583666037e+02
9.244394078834114907e+02
9.244986450102554727e+02
9.245580462905761578e+02
9.246176133998732212e+02
9.246773475577440422e+02
9.247372497184184112e+02
9.247973206352555735e+02
9.248575607516730770e+02
9.249179699316227925e+02
9.249785470930047495e+02
9.250392898305618701e+02
9.251001941049876223e+02
9.251612540385641523e+02
9.252224618099170357e+02
9.252838075994880001e+02
9.253452795171912157e+02
9.254068634498712527e+02
9.254685427941348053e+02
9.255302980781009410e+02
9.255921065094570395e+02
9.256539415058499571e+02
9.257157722628534202e+02
9.257775633981076453e+02
9.258392746871757026e+02
9.259008608886172169e+02
9.259622716521793109e+02
9.260234515192294111e+02
9.260843400573789950e+02
9.261448722160652096e+02
9.262049790395168429e+02
9.262645889218619004e+02
9.263236296326276715e+02
9.263820313777963520e+02
9.264397311888543527e+02
9.264966789397878983e+02
9.265528452554469823e+02
9.266082314484239078e+02
9.266628813352613179e+02
9.267168942494035946e+02
9.267704377177343531e+02
9.268237571234935785e+02
9.268771784874184050e+02
9.269310998670875961e+02
9.269859677535753235e+02
9.270422380949312355e+02
9.271003269726843428e+02
9.271605612277622868e+02
9.272231407567367114e+02
9.272881197092549428e+02
9.273554061645683078e+02
9.274247750777317378e+02
9.274958903591597164e+02
9.275683354033761816e+02
9.276416517922509684e+02
9.277153823550230527e+02
9.277891110373527681e+02
9.278624917271237109e+02
9.279352615874628327e+02
9.280072393247745595e+02
9.280783127493797338e+02
9.281484217213350121e+02
9.282175421002008306e+02
9.282856743426613093e+02
9.283528378489473880e+02
9.284190698990303190e+02
9.284844266592773465e+02
9.285489835687982350e+02
9.286128333201024816e+02
9.286760811392224468e+02
9.287388384653963840e+02
9.288012168583179573e+02
9.288633238010704645e+02
9.289252612021726918e+02
9.289871262743241687e+02
9.290490135545941257e+02
9.291110164533042735e+02
9.291732269691269721e+02
9.292357329537105670e+02
9.292986132544582460e+02
9.293619318592278660e+02
9.294257325405453685e+02
9.294900353561820339e+02
9.295548358091587033e+02
9.296201067348785045e+02
9.296858023249506005e+02
9.297518633124934695e+02
9.298182223107269238e+02
9.298848085629406341e+02
9.299515517754261964e+02
9.300183850842224729e+02
9.300852474184925995e+02
9.301520855297357002e+02
9.302188558091320374e+02
9.302855258165382111e+02
9.303520752951217219e+02
9.304184964103540096e+02
9.304847930440538448e+02
9.305509791562295732e+02
9.306170764294115543e+02
9.306831115576862885e+02
9.307491135860628901e+02
9.308151116378043071e+02
9.308811332210185583e+02
9.309472031374449443e+02
9.310133428822707629e+02
9.310795703606037250e+02
9.311458997607136325e+02
9.312123414941841020e+02
9.312789021991566187e+02
9.313455848654024294e+02
9.314123891555982482e+02
9.314793119660365619e+02
9.315463482119272385e+02
9.316134917659104531e+02
9.316807364480653177e+02
9.317480769742026041e+02
9.318155098149446758e+02
9.318830339886013689e+02
9.319506518907094232e+02
9.320183703437131726e+02
9.320862021408538567e+02
9.321541684995461310e+02
9.322223031323685518e+02
9.322906593321821447e+02
9.323593232013740817e+02
9.324284408515591167e+02
9.324982807028068237e+02
9.325693755941343852e+02
9.326427937311069627e+02
9.327604545899355344e+02
9.328740477328722136e+02
9.329777476292426854e+02
9.330688079323572310e+02
9.331481907860952560e+02
9.332192961954176553e+02
9.332879369982066464e+02
9.334310108644154980e+02
9.343330430818552941e+02
9.340415608906761236e+02
9.334803532871572997e+02
9.341123196325681874e+02
9.340425315116820002e+02
9.335808662651330678e+02
9.338291747427213068e+02
9.339133623873347005e+02
9.338880638902007831e+02
9.338412533684937671e+02
9.337870052433679575e+02
9.337334397325774944e+02
9.336888250918674430e+02
9.336298353137777895e+02
9.331355168462998790e+02
9.330434341206522504e+02
9.330728339287621793e+02
9.331073126551390260e+02
9.332019195998499299e+02
9.333433090825074032e+02
9.333838333437877282e+02
9.334259838534823075e+02
9.335625704482912397e+02
9.337833413393644832e+02
9.340298455576655670e+02
9.342270501150554765e+02
9.343829599522579201e+02
9.345108072596333386e+02
9.346225108610273082e+02
9.347231896623119383e+02
9.348128177173941822e+02
9.348931189844253140e+02
9.349673654667310529e+02
9.350358592183170003e+02
9.350971246822633702e+02
9.351516705839180759e+02
9.352006427549066530e+02
9.352428881777804008e+02
9.352762319164567089e+02
9.352993999931111375e+02
9.353102830804274390e+02
9.353040531092246965e+02
9.352748048569341108e+02
9.352195360869915248e+02
9.351457041293098200e+02
9.351009414937915381e+02
9.351914150566798298e+02
9.352969115620455796e+02
9.354076626235550975e+02
9.355112801978331163e+02
9.356035491689282253e+02
9.356853358771306830e+02
9.357576773789833169e+02
9.358215187193453630e+02
9.358788615350845248e+02
9.359314276486326207e+02
9.359794523018476866e+02
9.360228906552895296e+02
9.360623448416386054e+02
9.360981045130135954e+02
9.361296858943204597e+02
9.361568821818783590e+02
9.361802705969980707e+02
9.362006041900084483e+02
9.362187532862172930e+02
9.362363078866011392e+02
9.362553518729238249e+02
9.362775078807480895e+02
9.363035925225012761e+02
9.363338518026662314e+02
9.363678930497979991e+02
9.364045431627812377e+02
9.364422704565330378e+02
9.364797542248658146e+02
9.365159739574269224e+02
9.365501116699645081e+02
9.365816812560489097e+02
9.366106153781572630e+02
9.366370873108822934e+02
9.366613923250307607e+02
9.366840629109070733e+02
9.367059316189270248e+02
9.367280216179937042e+02
9.367514894160188987e+02
9.367776576426715565e+02
9.368079152357838666e+02
9.368434511832923590e+02
9.368850186827730795e+02
9.369328180268014421e+02
9.369864330235756142e+02
9.370448471843152447e+02
9.371066564932611982e+02
9.371704040925673098e+02
9.372348241105394209e+02
9.372989376275824043e+02
9.373620655419550758e+02
9.374237763674751704e+02
9.374837794887615701e+02
9.375418278066855464e+02
9.375976650998331934e+02
9.376509859613174740e+02
9.377013956743239760e+02
9.377484144705105109e+02
9.377915731508016961e+02
9.378306396645214136e+02
9.378660185862277103e+02
9.378992450231800149e+02
9.379332254657737167e+02
9.379718137902486887e+02
9.380187969749308650e+02
9.380769131379013288e+02
9.381473296943358946e+02
9.382295388812428882e+02
9.383216562977639796e+02
9.384209908762929899e+02
9.385244927814637776e+02
9.386291117650575870e+02
9.387322250262365060e+02
9.388319334764809128e+02
9.389270867589422096e+02
9.390171349908936236e+02
9.391019466445792432e+02
9.391816621044978319e+02
9.392565967194442464e+02
9.393271864222887189e+02
9.393939621337412973e+02
9.394575376441889603e+02
9.395186009157004037e+02
9.395779045622765580e+02
9.396362514158146269e+02
9.396944699694362271e+02
9.397533773610501839e+02
9.398137321608825232e+02
9.398761829678309141e+02
9.399412221057345960e+02
9.400091544262298839e+02
9.400800870037285222e+02
9.401539396338075676e+02
9.402304725354169932e+02
9.403093257280963826e+02
9.403900630569477244e+02
9.404722143054938215e+02
9.405553114540258548e+02
9.406389172914314258e+02
9.407226450442609575e+02
9.408061682251393449e+02
9.408892216965704165e+02
9.409715967423703660e+02
9.410531335684514715e+02
9.411337144206189578e+02
9.412132596853953146e+02
9.412917277568645886e+02
9.413691176606091631e+02
9.414454724254870825e+02
9.415208811386188472e+02
9.415954780323446585e+02
9.416694376670448037e+02
9.417429662078764068e+02
9.418162895074580092e+02
9.418896389449793105e+02
9.419632360402513314e+02
9.420372770537621818e+02
9.421119190073849268e+02
9.421872686705711430e+02
9.422633760100393374e+02
9.423402332459944546e+02
9.424177798625544256e+02
9.424959128790899285e+02
9.425745007812595304e+02
9.426533989683584878e+02
9.427324644853803193e+02
9.428115682055638445e+02
9.428906033740220209e+02
9.429694902046670677e+02
9.430481768105358924e+02
9.431266371218134736e+02
9.432048666617289427e+02
9.432828771363374472e+02
9.433606907823037773e+02
9.434383353297363328e+02
9.435158402423655843e+02
9.435932345695448475e+02
9.436705463492965009e+02
9.437478031565161700e+02
9.438250331813411549e+02
9.439022661888333232e+02
9.439795338493678400e+02
9.440568691763174911e+02
9.441343050655409570e+02
9.442118721334900329e+02
9.442895961840449672e+02
9.443674957039056608e+02
9.444455797964839121e+02
9.445238469209980394e+02
9.446022847086874208e+02
9.446808709771390795e+02
9.447595758681197822e+02
9.448383648354787283e+02
9.449172020596987522e+02
9.449960538017887757e+02
9.450748912450259240e+02
9.451536924950885350e+02
9.452324435780943759e+02
9.453111384448189938e+02
9.453897781257268207e+02
9.454683692734182614e+02
9.455469223757582995e+02
9.456254499279057200e+02
9.457039648197973065e+02
9.457824791310727051e+02
9.458610034330264398e+02
9.459395465905139417e+02
9.460181159585424666e+02
9.460967178017168635e+02
9.461753577442767664e+02
9.462540410856815924e+02
9.463327728797132750e+02
9.464115577526291645e+02
9.464903995065151321e+02
9.465693006034501877e+02
9.466482616486101733e+02
9.467272809861364067e+02
9.468063544938319183e+02
9.468854756160695842e+02
9.469646356128591833e+02
9.470438239303651926e+02
9.471230285154031208e+02
9.472022357931529086e+02
9.472814298565022000e+02
9.473605900206583783e+02
9.474396847456598607e+02
9.475186558662517200e+02
9.475973682093566595e+02
9.476753491492086141e+02
9.477449496895636685e+02
9.479760815026425007e+02
9.481206422830892961e+02
9.482344633964287368e+02
9.483192260775339264e+02
9.483814678929754791e+02
9.484343104461987650e+02
9.484876098945175045e+02
9.486833708085063108e+02
9.488787238607224026e+02
9.490592610518144738e+02
9.492197052876164207e+02
9.493598972161601068e+02
9.494810615769604283e+02
9.495853931365863900e+02
9.496755422739025789e+02
9.497534277074818192e+02
9.498205592464884148e+02
9.498790458660739660e+02
9.499313823452329189e+02
9.499799794900135339e+02
9.500274015367465381e+02
9.500759725782519354e+02
9.501267929177389533e+02
9.501802516118771109e+02
9.502369835648004255e+02
9.502973730959986369e+02
9.503609675038345586e+02
9.504268962184680731e+02
9.504943564588523941e+02
9.505625353065599938e+02
9.506305182494565997e+02
9.506975493262842747e+02
9.507631613009116336e+02
9.508269884588061132e+02
9.508886787335560484e+02
9.509480162117987447e+02
9.510050466869906813e+02
9.510601700378499572e+02
9.511141643319216428e+02
9.511680410916527535e+02
9.512228070632069148e+02
9.512793117125551134e+02
9.513145162458673667e+02
9.516122267980163087e+02
9.518002552221607857e+02
9.519626434965073258e+02
9.521047087263623325e+02
9.522371295873196004e+02
9.523660141423810046e+02
9.524903781051336864e+02
9.526018760126360121e+02
9.546909057082604022e+02
9.546715891477516607e+02
9.544912769883375177e+02
9.547518964587690107e+02
9.542500582002007832e+02
9.545483489936044634e+02
9.544706774268732943e+02
9.541732808000323303e+02
9.545032631934657275e+02
9.544504348839864178e+02
9.543871539541353286e+02
9.543161358507154546e+02
9.542417610977228151e+02
9.541721110106985861e+02
9.541062804839579030e+02
9.540414687816103196e+02
9.539816185219289082e+02
9.539296451597913347e+02
9.538826308789560926e+02
9.538395157829987738e+02
9.538031070207071025e+02
9.537733912458453460e+02
9.537477224392148401e+02
9.537262060915028314e+02
9.537101089995459233e+02
9.536979028342383344e+02
9.536876140903951864e+02
9.536794389575981086e+02
9.536731173569415887e+02
9.536664323472760998e+02
9.536576220527455234e+02
9.536458990429957794e+02
9.536295227827160943e+02
9.536063753621554042e+02
9.535761513635391111e+02
9.535402880617129995e+02
9.535012043779008764e+02
9.534631916687982311e+02
9.534325591217400415e+02
9.534154116013096427e+02
9.534137266813919496e+02
9.534422465647795661e+02
9.535613213060526050e+02
9.536858919060123299e+02
9.537974823852817963e+02
9.538928547993536995e+02
9.539742832417086902e+02
9.540445776284917656e+02
9.541061092094309970e+02
9.541610708677430921e+02
9.542109200000153351e+02
9.542561744689974148e+02
9.542971096426401800e+02
9.543339610165987779e+02
9.543665103823183244e+02
9.543942325067545198e+02
9.544167989615882561e+02
9.544340743986410871e+02
9.544460356623027337e+02
9.544531751199812106e+02
9.544568037628040429e+02
9.544588353718789904e+02
9.544614994047876735e+02
9.544671117545598236e+02
9.544775739860077692e+02
9.544938287747394270e+02
9.545157729830439166e+02
9.545424943158320730e+02
9.545602777118588165e+02
9.548803857546500922e+02
9.551463675897058465e+02
9.552891340285281103e+02
9.553773621160356697e+02
9.554549706256253785e+02
9.555497147714044104e+02
9.557184316413038232e+02
9.558123972105971689e+02
9.565703558876176658e+02
9.567865090021089145e+02
9.569516714536563313e+02
9.570364573321350008e+02
9.570393603545587666e+02
9.570675978021830588e+02
9.575095983072467334e+02
9.578035882894027964e+02
9.580585994236647593e+02
9.582643424926266107e+02
9.584314688242195643e+02
9.585725975077382373e+02
9.586966766724630133e+02
9.588076936644674788e+02
9.589080750608096650e+02
9.590005122100757262e+02
9.590862271890097190e+02
9.591649628016091356e+02
9.592368666825487935e+02
9.593021349546227157e+02
9.593597331385685720e+02
9.594083055033019036e+02
9.594474106808570468e+02
9.594772850097713217e+02
9.594991576431635849e+02
9.595164834943609549e+02
9.595346865842966508e+02
9.595714129659033915e+02
9.599314358617342577e+02
9.603047141646892442e+02
9.606501804442141292e+02
9.609666854654336703e+02
9.612558168623401116e+02
9.615195050777293773e+02
9.617594939181102518e+02
9.619773193800872377e+02
9.621745596490653725e+02
9.623527336232303924e+02
9.625131431013297743e+02
9.626570539092841727e+02
9.627858301359437974e+02
9.629008130972127901e+02
9.630033226011827310e+02
9.630948282265983380e+02
9.631769678285851342e+02
9.632514688588950094e+02
9.633201916063503631e+02
9.633851474076581098e+02
9.634483559784571298e+02
9.635122419951918573e+02
9.635914322961538119e+02
9.638100592737484931e+02
9.640840427119617289e+02
9.643473788275932748e+02
9.645941735360861458e+02
9.648292765051954802e+02
9.650599710322936744e+02
9.652991581306862372e+02
9.655561666645602372e+02
9.658210747610604585e+02
9.660797887762083747e+02
9.663262773392077634e+02
9.665616270248102637e+02
9.667932218765190555e+02
9.670361087079185154e+02
9.673078423638406775e+02
9.676074613217757587e+02
9.679218802781389286e+02
9.682782955175460984e+02
9.694905429668150418e+02
9.702263697332228958e+02
9.706096702215554615e+02
9.757957544516521011e+02
9.803832138843878283e+02
9.838396440714559503e+02
9.861554187464722645e+02
9.875440394718757489e+02
9.882688652852417590e+02
9.885451128831878123e+02
9.874659373725719433e+02
9.882577129301233754e+02
9.883215373491000264e+02
9.884492150582457271e+02
9.881911948504862266e+02
9.887869033057422712e+02
9.890228934798207092e+02
9.890469814031915803e+02
9.884321489617454972e+02
9.890234427001436188e+02
9.898381332901374208e+02
9.900852806035584308e+02
9.902502419989776854e+02
9.902681306089957616e+02
9.897925404367733790e+02
9.902764778053749524e+02
9.904217692019376500e+02
9.906393209813508065e+02
9.908909309945298673e+02
9.911281840770010376e+02
9.913285501197470921e+02
9.914910471718857252e+02
9.916229144845555084e+02
9.917329532956689491e+02
9.918280011659775255e+02
9.919121486955573346e+02
9.919883890034857359e+02
9.920592854949592265e+02
9.921262532641381995e+02
9.921898915787170381e+02
9.922509476326606546e+02
9.923100908821724033e+02
9.923674179175919789e+02
9.924229333773852204e+02
9.924769149617945914e+02
9.925294857305160576e+02
9.925804919882025388e+02
9.926299212381916277e+02
9.926779028499315700e+02
9.927243893306959990e+02
9.927692677259511811e+02
9.928125962345574180e+02
9.928544488706639868e+02
9.928947730752361167e+02
9.929335595886932424e+02
9.929709058989816413e+02
9.930068581389654128e+02
9.930414068491542139e+02
9.930746150155700889e+02
9.931065798636708450e+02
9.931373379945675879e+02
9.931669230310276362e+02
9.931954223707539313e+02
9.932229108049604065e+02
9.932494236119348443e+02
9.932750176036811354e+02
9.932997727016035014e+02
9.933237408281787566e+02
9.933469598505261047e+02
9.933694900196253457e+02
9.933913906897590778e+02
9.934126979121473369e+02
9.934334503950983617e+02
9.934536993924219814e+02
9.934734844802846965e+02
9.934928333809872356e+02
9.935117818237343954e+02
9.935303674648573633e+02
9.935486159603505030e+02
9.935665506768239084e+02
9.935842010929195567e+02
9.936015924173515259e+02
9.936187424090747982e+02
9.936356710952861704e+02
9.936524003942445233e+02
9.936689465770188008e+02
9.936853232835362633e+02
9.937015468448475985e+02
9.937176322525997421e+02
9.937335903616805126e+02
9.937494322700831617e+02
9.937651702806598450e+02
9.937808141645062960e+02
9.937963717686066047e+02
9.938118519632882908e+02
9.938272632618002262e+02
9.938426120031667779e+02
9.938579041941866308e+02
9.938731464495618866e+02
9.938883442571369642e+02
9.939035018834271114e+02
9.939186238822726409e+02
9.939337147155556522e+02
9.939487777222321938e+02
9.939638158440860707e+02
9.939788322656297623e+02
9.939938296500773731e+02
9.940088099292087236e+02
9.940237750363553459e+02
9.940387268569651269e+02
9.940536666871216767e+02
9.940685954992205779e+02
