6.880849853947154093e-01
6.902627792275534135e-01
7.049497869646934589e-01
7.255468205501433010e-01
7.341469700595911752e-01
7.329009257752272521e-01
7.312516456988259472e-01
7.372038762193281469e-01
7.607672525454566292e-01
7.530147781075132718e-01
7.582450191985609100e-01
7.704750212589440705e-01
7.612816213493858175e-01
7.617999428030206577e-01
7.705246162749385119e-01
7.947666792090665178e-01
7.912849885579322784e-01
7.915414138301648528e-01
7.939369103798621374e-01
8.023980243050186090e-01
8.293269762989390337e-01
8.114694207670529735e-01
8.030346339074132533e-01
7.980174865221375535e-01
7.971315025309382296e-01
7.988166825624242184e-01
8.019975894536569561e-01
8.061841503677589227e-01
8.112738986100409555e-01
8.173949144253492838e-01
8.246402487466087949e-01
8.324294983746881593e-01
8.397203422920768157e-01
8.397837823638156785e-01
8.389575732883493009e-01
8.411784396881426540e-01
8.460043990235270872e-01
8.526116021634488895e-01
8.603432052950991116e-01
8.676681104056268579e-01
8.729324691845198325e-01
8.782832496845194292e-01
8.885183376520481291e-01
8.921474810103310338e-01
9.128014071341485902e-01
9.072941162502926593e-01
9.179400153998664713e-01
9.259045097385935064e-01
9.212551411042187999e-01
9.166442766208792170e-01
9.171815167926157253e-01
9.224533145539635104e-01
9.288936547701254209e-01
9.306251226194253157e-01
9.330150213335927090e-01
9.367488092026540203e-01
9.493250472145554619e-01
9.427241070842370396e-01
9.417479170736802185e-01
9.442133851914753517e-01
9.392237427641076941e-01
9.401582190192425692e-01
9.555628582768628254e-01
9.403121064727772982e-01
9.410218065785204145e-01
9.440832802280071379e-01
9.382123532884721895e-01
9.369544424131636129e-01
9.409935401512140585e-01
9.478058057573133244e-01
9.552214097793233494e-01
9.712363465866096224e-01
9.805039546582513532e-01
9.731371194143568770e-01
9.840379103368855906e-01
9.644601400381787037e-01
9.715929272767656055e-01
9.774182212524861191e-01
9.633432303844552402e-01
9.499219277139806517e-01
9.448206262066557448e-01
9.427733152734836253e-01
9.419028854623593405e-01
9.416295145073325656e-01
9.417657716922472888e-01
9.422189644114665752e-01
9.429270839856521702e-01
9.438440374833516611e-01
9.449340389806858420e-01
9.461680623325834372e-01
9.475216107750318306e-01
9.489737966537304947e-01
9.505073214189913022e-01
9.521086730590504477e-01
9.537680657078434487e-01
9.554791075975856973e-01
9.572384344828063218e-01
9.590455230418687416e-01
9.609029420023353918e-01
9.628178751900475785e-01
9.648079925685414393e-01
9.669247649938026434e-01
9.693784210343231456e-01
9.737250449188412649e-01
9.873611140754370297e-01
9.714288758190762207e-01
9.674997212296141402e-01
9.670973610451706337e-01
9.699399678299055472e-01
9.745261920179276727e-01
9.798677956981656223e-01
9.852315580597709177e-01
9.900116673985801530e-01
9.945555711208872163e-01
9.961340561369000923e-01
9.973711087243517515e-01
9.981867393358329066e-01
9.990217647639806353e-01
1.000093604335311248e+00
1.001450642590220985e+00
1.003054279128857251e+00
1.004831262376300050e+00
1.006703107332907576e+00
1.008601955330854061e+00
1.010504997730653498e+00
1.014357244569569660e+00
1.015568616562707360e+00
1.015750537327455794e+00
1.017286094879598757e+00
1.018867009128425982e+00
1.020518978140879662e+00
1.022273611659460846e+00
1.024154406741285328e+00
1.026177561638491609e+00
1.028352475274813660e+00
1.030681370013848186e+00
1.033158087066941899e+00
1.035766328956169380e+00
1.038477821605602758e+00
1.041251135396855876e+00
1.044032292436180454e+00
1.046758663252856492e+00
1.049367466294282680e+00
1.051815639263547597e+00
1.055568498100411201e+00
1.056401192790983545e+00
1.057400173156877621e+00
1.058602403884270293e+00
1.059777689233108111e+00
1.061108826262602722e+00
1.062671848981769696e+00
1.064510539249198695e+00
1.066949265022797633e+00
1.077444334458323771e+00
1.069708957030361285e+00
1.070006867866409639e+00
1.070185050802118232e+00
1.070583434956894342e+00
1.071268844551227284e+00
1.072274230435538378e+00
1.074218071604128744e+00
1.086399142385985339e+00
1.071808642920805577e+00
1.069796769335494613e+00
1.073263033954175327e+00
1.077834468766461384e+00
1.082150655486615820e+00
1.085733168290586192e+00
1.105212514741857222e+00
1.060311851023596041e+00
1.059165362443595715e+00
1.058519186248100930e+00
1.057994780792759659e+00
1.057593902518302986e+00
1.057323895619745047e+00
1.057223771709938198e+00
1.057515440661309869e+00
1.059037289593905085e+00
1.062977347881030932e+00
1.068553544649291309e+00
1.073475613934929518e+00
1.076203224224372423e+00
1.077040677840431115e+00
1.077373874356987615e+00
1.077810825768316771e+00
1.078214295301407999e+00
1.085259425848301706e+00
1.078313498951243732e+00
1.078463337833622582e+00
1.078758530739534205e+00
1.079220359444025279e+00
1.079877698804377451e+00
1.080749736909797587e+00
1.081847155840831576e+00
1.083175601178276937e+00
1.084738547069875159e+00
1.086538825742825676e+00
1.088578981392910094e+00
1.090860888492769520e+00
1.093385022851019572e+00
1.096149546033160727e+00
1.099149106627975048e+00
1.102372996933543625e+00
1.105801642429733223e+00
1.109398598101326128e+00
1.113094902872699299e+00
1.116780064163053643e+00
1.120427242816638191e+00
1.126588386449882018e+00
1.126528429458234282e+00
1.128382564156476864e+00
1.136931090232714103e+00
1.128421574989980636e+00
1.126015279188422147e+00
1.123964137028849120e+00
1.123057296012297535e+00
1.123146775925606411e+00
1.123873138043743891e+00
1.125117180231045122e+00
1.126776277035785423e+00
1.128701343503670129e+00
1.130659644922329843e+00
1.132663127930992886e+00
1.134965641706063399e+00
1.137581050161192708e+00
1.140316074209726915e+00
1.143080330022962166e+00
1.146869549160918433e+00
1.158523119192036432e+00
1.144223628373012946e+00
1.140292936149395420e+00
1.141580897164100161e+00
1.144247708712772038e+00
1.147160361737988410e+00
1.150059660542781304e+00
1.152636726582189741e+00
1.153390220641046016e+00
1.158853446941635390e+00
1.154710706565238887e+00
1.156773083425223225e+00
1.156666039019190295e+00
1.158018016415330420e+00
1.160774339045853809e+00
1.163995738827719340e+00
1.167410514170030167e+00
1.176279888409680119e+00
1.176119966071098366e+00
1.170520183007695891e+00
1.168888547348417850e+00
1.168318863874551417e+00
1.168492383745580954e+00
1.181087735663838068e+00
1.170153052324320653e+00
1.171087337478894375e+00
1.171991795696718741e+00
1.173051528973408919e+00
1.174404668893320292e+00
1.176047462414287814e+00
1.177850522565352831e+00
1.179629495070498857e+00
1.181020610839273566e+00
1.177057174061444611e+00
1.172986895373411054e+00
1.171260537934284640e+00
1.171459524516151429e+00
1.172631316557213310e+00
1.174252533893773931e+00
1.176109203325530927e+00
1.178105770167479083e+00
1.180183547315216686e+00
1.182293343010392128e+00
1.184389040113100311e+00
1.186430850097415446e+00
1.188394094428474324e+00
1.190285619316568955e+00
1.192614905248222890e+00
1.205322237986836242e+00
1.195865510018035760e+00
1.196584939556171845e+00
1.196865440189010421e+00
1.197138766123313935e+00
1.197535257821204180e+00
1.198078108023192145e+00
1.198759094806389314e+00
1.199558594076006957e+00
1.200458581710942774e+00
1.201484914975257112e+00
1.203495802760965461e+00
1.204050515543947597e+00
1.204145337811315386e+00
1.205000776872715784e+00
1.205914017869140764e+00
1.206910038915677275e+00
1.208015870910758016e+00
1.209248000653465827e+00
1.210614303039016182e+00
1.212117738961064228e+00
1.213759607094974102e+00
1.215541182997084357e+00
1.217463553165455625e+00
1.219526002965791722e+00
1.221727704000092896e+00
1.224148755893173846e+00
1.229663197988174694e+00
1.228760885055774743e+00
1.229293057867855810e+00
1.229067796412925517e+00
1.228652473860271099e+00
1.238194290070971260e+00
1.220522469929099518e+00
1.225806332896383299e+00
1.229933019974695396e+00
1.229929380091684177e+00
1.230132268732730960e+00
1.230148353567857678e+00
1.230374914747960791e+00
1.231066708655817799e+00
1.232481198288281288e+00
1.234926769928649914e+00
1.238587219363614045e+00
1.243273562683374411e+00
1.248421799374766605e+00
1.253233374767645403e+00
1.256961298507295322e+00
1.259146079224070514e+00
1.260158120792092440e+00
1.260534567216554880e+00
1.260793309242558724e+00
1.261171725738675420e+00
1.261714174678940648e+00
1.262397618183898285e+00
1.263387242483636319e+00
1.275432086643445206e+00
1.263430980037000939e+00
1.261687502599078137e+00
1.260128882053062727e+00
1.259245126329872067e+00
1.259093065077264040e+00
1.259589532116055066e+00
1.260644598835088948e+00
1.262204810979079328e+00
1.264253578344892492e+00
1.266792419899507305e+00
1.269811095007933543e+00
1.273247790698389226e+00
1.276941285361590683e+00
1.280592710996443007e+00
1.286706766158949966e+00
1.285126670203566857e+00
1.283482713581406420e+00
1.281551081882787102e+00
1.284832199332655023e+00
1.274659436842503046e+00
1.267994970336647542e+00
1.265557319186344731e+00
1.265592841080212194e+00
1.266303508867582472e+00
1.267176662918653385e+00
1.268096531012325112e+00
1.269032638816822045e+00
1.269973675104013378e+00
1.270914363196829600e+00
1.271853403541554295e+00
1.272792455959252722e+00
1.273734341351286270e+00
1.274681498729177020e+00
1.275635308365629550e+00
1.276595999382341695e+00
1.277562762128966689e+00
1.278533904620235528e+00
1.279507033766560609e+00
1.280479339698540553e+00
1.281448135519032805e+00
1.282411662127654228e+00
1.283369733963608539e+00
1.284323671449132398e+00
1.285275566796618696e+00
1.286227460302529879e+00
1.287180844107955968e+00
1.288136514503764651e+00
1.289094624717050275e+00
1.290054819637991956e+00
1.291016400859664737e+00
1.291978511016346864e+00
1.292940337897559244e+00
1.293901320434098556e+00
1.294861300791780634e+00
1.295820554129704094e+00
1.296779677155296850e+00
1.297739392672417447e+00
1.298700357980051567e+00
1.299663035175185444e+00
1.300627634673933386e+00
1.301594116225841979e+00
1.302562227124390182e+00
1.303531562602995963e+00
1.304501638985551937e+00
1.305471972248620105e+00
1.306442152528223932e+00
1.307411901018598277e+00
1.308381095158257512e+00
1.309349755507613899e+00
1.310318000913976766e+00
1.311285989030384291e+00
1.312253860760599578e+00
1.313221701015066412e+00
1.314189520012861934e+00
1.315157253618291167e+00
1.316124778708556153e+00
1.317091939065050177e+00
1.318058577234442197e+00
1.319024567343650034e+00
1.319989843087088888e+00
1.320954415070003662e+00
1.321918373577008143e+00
1.322881876733099427e+00
1.323845128411750949e+00
1.324808353006727168e+00
1.325771774258212243e+00
1.326735603292149124e+00
1.327700038320971387e+00
1.328665276219586966e+00
1.329631534848161323e+00
1.330599084417830147e+00
1.331568286147368996e+00
1.332539636914151560e+00
1.333513819862576000e+00
1.334491763485318616e+00
1.335474715940018875e+00
1.336464347522037688e+00
1.337462902660788933e+00
1.338473434865986578e+00
1.339500176949702803e+00
1.340549130765791297e+00
1.341629016078011549e+00
1.342752812984906230e+00
1.343940285775663490e+00
1.345222088128033455e+00
1.346646200144028027e+00
1.348286951471154405e+00
1.350253831397707049e+00
1.352687663413197683e+00
1.355714134906444102e+00
1.359319176722946221e+00
1.363168476114969163e+00
1.366697153369921036e+00
1.361732375162087560e+00
1.356790554360567613e+00
1.354859891877687517e+00
1.354757830997016077e+00
1.355312013022173856e+00
1.356073729881069889e+00
1.356904831314286630e+00
1.357762673183330770e+00
1.358633375159035817e+00
1.359512257203527641e+00
1.360397741105533465e+00
1.361289251967538805e+00
1.362186453906335748e+00
1.363088974924340002e+00
1.363996293581976049e+00
1.364907683279730444e+00
1.365822209431352130e+00
1.366738782714804312e+00
1.367656258876899011e+00
1.368573578456294459e+00
1.369489933404951287e+00
1.370404910168321333e+00
1.371318531724799339e+00
1.372231163087555439e+00
1.373143328241701155e+00
1.374055524507367787e+00
1.374968091471297837e+00
1.375881147277493666e+00
1.376794582667510314e+00
1.377708098844877105e+00
1.378621275551879632e+00
1.379533656642212724e+00
1.380444841194462091e+00
1.381354566134734174e+00
1.382262762234555797e+00
1.383169567030862801e+00
1.384075291297959032e+00
1.384980353487140325e+00
1.385885206186970864e+00
1.386790275749698376e+00
1.387695927179195543e+00
1.388602458697177910e+00
1.389510126344783769e+00
1.390419197274726626e+00
1.391330029685914793e+00
1.392243177044997671e+00
1.393159514435602153e+00
1.394080387349167838e+00
1.395007791954339771e+00
1.395944615278866818e+00
1.396894996899980868e+00
1.397864925468436326e+00
1.398863269055337311e+00
1.399903595219212260e+00
1.401007436148938190e+00
1.402210204101258961e+00
1.403571810759002947e+00
1.405194540377656010e+00
1.407246825243007260e+00
1.409969426088225397e+00
1.413582350940774335e+00
1.417968362363904999e+00
1.422143631482352344e+00
1.428991653363971714e+00
1.418032428011457347e+00
1.411805673878758771e+00
1.410510946062891957e+00
1.410758193616301837e+00
1.411295547087024760e+00
1.411911512728962759e+00
1.412573601336312601e+00
1.413282924293649989e+00
1.414056841946166765e+00
1.414935614613510140e+00
1.415990785272769781e+00
1.417307236841416129e+00
1.418956217696539568e+00
1.421043842364301923e+00
1.423799613374637785e+00
1.427506072048947861e+00
1.431745089146956307e+00
1.434990734800981826e+00
1.439068716234708223e+00
1.433056495901118499e+00
1.427534909495408622e+00
1.425451820550616366e+00
1.425338663117174276e+00
1.425870926784359893e+00
1.426578930320840044e+00
1.427327352653507075e+00
1.428085933084821901e+00
1.428851608574386090e+00
1.429623183734848535e+00
1.430396284059984646e+00
1.431165330609305064e+00
1.431928097022143964e+00
1.432686720399680924e+00
1.433445050933861209e+00
1.434206531708720922e+00
1.434973737856711118e+00
1.435748745179207919e+00
1.436533322290035386e+00
1.437328488206226940e+00
1.438133939370616510e+00
1.438948138183047343e+00
1.439769075752774352e+00
1.440595035648718936e+00
1.441424841116529132e+00
1.442257704049669353e+00
1.443093020821537564e+00
1.443930276255413592e+00
1.444769052423412914e+00
1.445609080684320702e+00
1.446450270599408894e+00
1.447292680860766234e+00
1.448136446160690927e+00
1.448981701334346894e+00
1.449828534027842730e+00
1.450676970927573528e+00
1.451526985693335492e+00
1.452378514656426756e+00
1.453231471515045836e+00
1.454085757639420828e+00
1.454941267805607286e+00
1.455797892529177462e+00
1.456655518518032988e+00
1.457514028671799133e+00
1.458373302776492464e+00
1.459233219685008409e+00
1.460093661418232713e+00
1.460954519357425152e+00
1.461815702598912026e+00
1.462677148636818636e+00
1.463538836817666056e+00
1.464400805458626387e+00
1.465263174177216632e+00
1.466126173986374459e+00
1.466990189363074348e+00
1.467855819327275713e+00
1.468723969473235691e+00
1.469595995488260254e+00
1.470473934061268695e+00
1.471360885547529751e+00
1.472261667947150521e+00
1.473183974290834142e+00
1.474140506992916544e+00
1.475153107568629274e+00
1.476261188414211167e+00
1.477539921017969382e+00
1.479141211471058037e+00
1.481385616358893431e+00
1.484936957889350762e+00
1.490916001882723219e+00
1.499998959470346671e+00
1.518235671621047000e+00
1.497290130726904644e+00
1.489877590811131247e+00
1.486010329784996031e+00
1.484938426554914370e+00
1.485034500028060922e+00
1.485531008558907740e+00
1.486164527975208483e+00
1.486852605626255208e+00
1.487570396435376141e+00
1.488307809283605065e+00
1.489058754704772225e+00
1.489818870576411491e+00
1.490585847506364026e+00
1.491359557014935611e+00
1.492140764776459072e+00
1.492930049164230333e+00
1.493727875685807005e+00
1.494534824682750340e+00
1.495350907639890536e+00
1.496174798863897815e+00
1.497004115179926043e+00
1.497836379398442830e+00
1.498669622885717256e+00
1.499502240079072291e+00
1.500332704984589594e+00
1.501159423845654706e+00
1.501980491782180183e+00
1.502793497864179928e+00
1.503595713776288756e+00
1.504384551172245565e+00
1.505158009552054921e+00
1.505915275599519321e+00
1.506658271622143941e+00
1.507395765458165338e+00
1.508150819924417574e+00
1.508959900326099168e+00
1.509833476657872708e+00
1.510715575737799687e+00
1.511538020961125106e+00
1.512288593451906138e+00
1.512999745392354489e+00
1.513709080902959636e+00
1.514440601965220567e+00
1.515207672607884470e+00
1.516021778421468680e+00
1.516882586365080332e+00
1.517735838682648497e+00
1.518483360355542100e+00
1.519126848097492433e+00
1.519775851887425810e+00
1.520489261237169876e+00
1.521263347470356520e+00
1.522077482021038541e+00
1.522888552962583519e+00
1.523660756359309421e+00
1.524410919485056359e+00
1.525169248700849023e+00
1.525938648137144416e+00
1.526703041077343004e+00
1.527454439403823860e+00
1.528214802467996680e+00
1.529010769535701808e+00
1.529839027504698912e+00
1.530680107716474891e+00
1.531522584066679515e+00
1.532366137308558196e+00
1.533213531947292818e+00
1.534064252838685860e+00
1.534914618683715704e+00
1.535761878718830964e+00
1.536607341144553551e+00
1.537455339774358443e+00
1.538309366629067032e+00
1.539168708749036218e+00
1.540028400617214466e+00
1.540882267749664525e+00
1.541726132504525282e+00
1.542559089438303443e+00
1.543383001846406088e+00
1.544201184027403251e+00
1.545016977364657151e+00
1.545832758494603665e+00
1.546649722471360011e+00
1.547468298555012556e+00
1.548288693506232105e+00
1.549111067623155424e+00
1.549935196231589485e+00
1.550759964219985632e+00
1.551583272247098133e+00
1.552402602772723128e+00
1.553215884721731221e+00
1.554022132317747218e+00
1.554821567395262560e+00
1.555615119682625336e+00
1.556403516419184507e+00
1.557186542841424215e+00
1.557963012603696296e+00
1.558731465940430994e+00
1.559490968465789607e+00
1.560241289628052197e+00
1.560982526490032329e+00
1.561714819756635064e+00
1.562438598696535674e+00
1.563155188023382935e+00
1.563867081176091078e+00
1.564577396736689829e+00
1.565288918425348008e+00
1.566003629176300649e+00
1.566723232560894630e+00
1.567450188614494699e+00
1.568188382497928357e+00
1.568943113610433704e+00
1.569720632484604694e+00
1.570526565635820493e+00
1.571359291998048580e+00
1.572195587333695022e+00
1.572992868438400693e+00
1.573721011829412486e+00
1.574374241647038097e+00
1.574962055742302525e+00
1.575505299329012399e+00
1.576036341317295308e+00
1.576589160268361489e+00
1.577186802824962264e+00
1.577839635861351120e+00
1.578550649421658569e+00
1.579316067703908644e+00
1.580122262387482879e+00
1.580943375806636020e+00
1.581744166070367275e+00
1.582491791299336814e+00
1.583164657253655072e+00
1.583756413119951745e+00
1.584279863799280319e+00
1.584755257043035215e+00
1.585204705547163195e+00
1.585668459015060927e+00
1.586197942587053156e+00
1.586826900684553898e+00
1.587538538643973984e+00
1.588275698957001270e+00
1.588997952581008510e+00
1.589704145275373071e+00
1.590390767077906276e+00
1.591038232839860234e+00
1.591648194151742635e+00
1.592254242259236063e+00
1.592888983417573678e+00
1.593558363595667604e+00
1.594248318700147937e+00
1.594943146050496807e+00
1.595631849950165382e+00
1.596301970365365808e+00
1.596936653562410990e+00
1.597527423787453493e+00
1.598085674830203251e+00
1.598637143041373054e+00
1.599202869553599582e+00
1.599789452585240301e+00
1.600396805407204859e+00
1.601025290688345981e+00
1.601670986189662527e+00
1.602319163726568796e+00
1.602952172698708821e+00
1.603564781496024994e+00
1.604165440032066403e+00
1.604764065061806022e+00
1.605365556202577038e+00
1.605974364568095059e+00
1.606596096240352711e+00
1.607231191889143096e+00
1.607870875176239611e+00
1.608503661164488063e+00
1.609124844066972537e+00
1.609737374154544876e+00
1.610345446744903208e+00
1.610951494030895770e+00
1.611559366399762272e+00
1.612175326775971973e+00
1.612803135094364126e+00
1.613439750229148872e+00
1.614078184149652095e+00
1.614713705234612551e+00
1.615345620941498916e+00
1.615974456947864901e+00
1.616600611527515330e+00
1.617226336929600938e+00
1.617856158223616836e+00
1.618493461465084104e+00
1.619137377394868293e+00
1.619784120157476970e+00
1.620430606566494403e+00
1.621075765600841434e+00
1.621719342724013746e+00
1.622361510285728059e+00
1.623004079145070166e+00
1.623650506596227672e+00
1.624303616781591630e+00
1.624963606486137913e+00
1.625628664720791816e+00
1.626296912963639985e+00
1.626967187877259136e+00
1.627638600851896822e+00
1.628310602062979839e+00
1.628983847689749132e+00
1.629660284691207384e+00
1.630341774561447687e+00
1.631028675656998717e+00
1.631719899805267771e+00
1.632414016315531180e+00
1.633109939859263227e+00
1.633806797475505057e+00
1.634503840934933283e+00
1.635200910142156738e+00
1.635898731623210978e+00
1.636598297254166168e+00
1.637299783771795081e+00
1.638002168553405635e+00
1.638703879009872688e+00
1.639403628354914044e+00
1.640100612787468437e+00
1.640794253243204937e+00
1.641484158019380857e+00
1.642170343981214087e+00
1.642853108762147629e+00
1.643532386867822215e+00
1.644207304580445950e+00
1.644876573221414118e+00
1.645539309415438689e+00
1.646195358385939445e+00
1.646844977437369018e+00
1.647488570959355192e+00
1.648126753940584610e+00
1.648760210081102517e+00
1.649389176024261161e+00
1.650013286808054147e+00
1.650632142880938513e+00
1.651245816133685818e+00
1.651854702111553053e+00
1.652459269656148866e+00
1.653060159503118687e+00
1.653658130691292527e+00
1.654253631207547759e+00
1.654846659452543056e+00
1.655437165890813134e+00
1.656025338635656707e+00
1.656611474968996411e+00
1.657195905165020910e+00
1.657779123133501287e+00
1.658361720910675796e+00
1.658944098889613361e+00
1.659526406095381823e+00
1.660108783692459733e+00
1.660691503484180043e+00
1.661274869654249420e+00
1.661859159394959651e+00
1.662444678959227540e+00
1.663031709105369238e+00
1.663620325536362854e+00
1.664210362914074537e+00
1.664801587101757407e+00
1.665393831068102237e+00
1.665986974039457946e+00
1.666580912584455287e+00
1.667175599294449917e+00
1.667771025031653753e+00
1.668367113207521957e+00
1.668963686833720983e+00
1.669560573941778259e+00
1.670157702543414002e+00
1.670755083443365541e+00
1.671352768895591812e+00
1.671950857038552174e+00
1.672549470664223215e+00
1.673148679694600016e+00
1.673748473199907272e+00
1.674348835034999983e+00
1.674949828759781711e+00
1.675551633671200191e+00
1.676154622462828536e+00
1.676759583616244553e+00
1.677368151175484323e+00
1.677983666413158437e+00
1.678613062267556133e+00
1.679270944825983269e+00
1.679988539143958848e+00
1.680834570684248019e+00
1.681967457180596259e+00
1.683763684833076590e+00
1.687011546320031474e+00
1.692344947131342536e+00
1.697305112472562660e+00
1.698582641911414726e+00
1.696748573486433376e+00
1.693382832039573849e+00
1.691650109614718067e+00
1.691827819182359249e+00
1.693676214969495719e+00
1.697076038807732612e+00
1.700606240095952959e+00
1.702008965442701083e+00
1.701054827816675052e+00
1.698984291014348225e+00
1.697824123635799820e+00
1.698217722154105269e+00
1.700053590552812910e+00
1.702670911905480366e+00
1.704564174894864781e+00
1.704753895341832193e+00
1.703680141937032877e+00
1.702676736676765445e+00
1.702654206344081489e+00
1.703757737063964495e+00
1.705668296383854976e+00
1.707509121783088446e+00
1.708322264184586103e+00
1.708016253622563596e+00
1.707388851423986775e+00
1.707296559317121654e+00
1.708010018924088103e+00
1.709316981435629712e+00
1.710677935202628230e+00
1.711490746685035091e+00
1.711583031083161899e+00
1.711374825944384170e+00
1.711462247262205860e+00
1.712104315731934889e+00
1.713143811091001334e+00
1.714194356866386881e+00
1.714900963224473163e+00
1.715182979538037999e+00
1.715284690313477745e+00
1.715567394639942789e+00
1.716219576101740918e+00
1.717140354491168086e+00
1.718047980880951897e+00
1.718712141982635000e+00
1.719117588235698380e+00
1.719433878953399830e+00
1.719865377182551613e+00
1.720511302087808003e+00
1.721305374759384943e+00
1.722076877771605119e+00
1.722709726593851132e+00
1.723243712756913570e+00
1.723809647803473011e+00
1.724507987975842038e+00
1.725362731182765730e+00
1.726344414163127672e+00
1.727440228612047823e+00
1.728769463066401446e+00
1.730666095563473172e+00
1.733609085608411204e+00
1.737892367874459332e+00
1.742742137460136176e+00
1.744246213928971168e+00
1.729696319568984730e+00
1.729259092698068878e+00
1.731665683050544580e+00
1.734076099051415021e+00
1.734705128888495596e+00
1.733981536975966797e+00
1.733657588928982696e+00
1.734514458862816078e+00
1.736100996697644616e+00
1.737385329626482511e+00
1.738180849096171432e+00
1.738854233635432234e+00
1.739632081644214567e+00
1.740345204325135064e+00
1.740884018826784452e+00
1.741819602936808042e+00
1.743470034164526172e+00
1.745155465455104693e+00
1.745889080794712722e+00
1.745678482577499135e+00
1.745991590622665068e+00
1.750111506938941908e+00
1.763142063256814662e+00
1.770769801569123336e+00
1.752445764915463000e+00
1.750693165847368338e+00
1.753705353347306151e+00
1.757751404470726975e+00
1.759845705127140336e+00
1.763629435169224324e+00
1.769436814235819444e+00
1.744731456371616973e+00
1.743578731699323647e+00
1.743124469302680390e+00
1.742844129265322728e+00
1.742716839940783302e+00
1.742754705520080716e+00
1.742969903223294814e+00
1.743428012044154096e+00
1.744735988857713638e+00
1.750255932147460447e+00
1.760842005891780859e+00
1.758761300986267928e+00
1.761047656723162547e+00
1.750997812435452605e+00
1.745768194618558811e+00
1.745554949756060070e+00
1.745783216403293592e+00
1.746203519233352486e+00
1.746787732687227424e+00
1.747506869998715295e+00
1.748313637829273404e+00
1.749172779051469062e+00
1.750085956429369372e+00
1.751076267438831380e+00
1.752190349832760896e+00
1.753601347408016542e+00
1.756246164901953177e+00
1.764374505566628226e+00
1.778691771835861024e+00
1.783081168969626429e+00
1.791106403722548368e+00
1.775829361260292227e+00
1.766747918364510284e+00
1.760437446456991184e+00
1.764832250866957608e+00
1.761548356906420976e+00
1.771034675560689831e+00
1.803938034038193861e+00
1.790587399024041071e+00
1.765108599455519345e+00
1.758116980175589372e+00
1.759856330098188204e+00
1.757657848943373846e+00
1.748963835531834876e+00
1.752710174527294607e+00
1.762318873801390851e+00
1.782731982049368780e+00
1.760988847036460081e+00
1.746117312420625067e+00
1.746364384987879825e+00
1.746715644250128152e+00
1.747060156122174579e+00
1.747413959786708659e+00
1.747788741865324180e+00
1.748191619996460444e+00
1.748625588934243691e+00
1.749090193964859763e+00
1.749581906810973031e+00
1.750093905045963627e+00
1.750615767382464716e+00
1.751269626687744108e+00
1.766578601237346113e+00
1.774264837226525282e+00
1.760007097129970388e+00
1.781024760703461274e+00
1.772651910977067757e+00
1.762604583402803460e+00
1.760366171110137046e+00
1.760760710287382791e+00
1.761456238456601264e+00
1.762216114982231741e+00
1.763792558643778818e+00
1.771849285887447278e+00
1.787401653369613097e+00
1.761749682652584692e+00
1.759450614985216932e+00
1.757384510445363146e+00
1.755582396123578137e+00
1.754032147742838887e+00
1.752660653774475552e+00
1.751447702688981867e+00
1.750409789619952416e+00
1.749550744805920433e+00
1.748861311533631113e+00
1.748327056026047543e+00
1.747933183760775444e+00
1.747665818035969210e+00
1.747512085004969240e+00
1.747459916341544073e+00
1.747497611613911594e+00
1.747613168944247120e+00
1.747794058970303377e+00
1.748028317078794469e+00
1.748309241800798386e+00
1.748733620656118815e+00
1.751872841304749073e+00
1.771497191134579596e+00
1.781993605423647153e+00
1.751428549894064934e+00
1.749284753055055042e+00
1.751493045750002198e+00
1.759700255616364784e+00
1.761358338034758830e+00
1.748389091085729374e+00
1.748617749743209160e+00
1.748904086296684257e+00
1.749210539648004659e+00
1.749565010661240150e+00
1.749975732618743063e+00
1.750442437102320170e+00
1.750961485279466379e+00
1.751527793991273896e+00
1.752135292216209450e+00
1.752777077048914167e+00
1.753445787744480899e+00
1.754134519925065527e+00
1.754841146929855489e+00
1.755608972439828941e+00
1.756947940852194190e+00
1.762046245020123525e+00
1.772662750526537545e+00
1.781242192939444857e+00
1.781873133431050693e+00
1.778626113935172670e+00
1.774731818864589528e+00
1.769544505421705161e+00
1.767005188811725747e+00
1.767535652060575613e+00
1.770828555879052857e+00
1.775726464488226908e+00
1.777816058238380625e+00
1.775834875887927877e+00
1.772566719480879849e+00
1.771599215725059517e+00
1.773350941723221386e+00
1.776966327694524228e+00
1.779490494230156150e+00
1.778916354416322232e+00
1.776867325387588847e+00
1.777027199716623596e+00
1.781969938215987037e+00
1.791398186514935320e+00
1.796058451092577890e+00
1.790792586303262324e+00
1.783391635392429508e+00
1.780650359880950218e+00
1.783679308193650170e+00
1.791485199306339871e+00
1.796238354609586363e+00
1.792986101653053055e+00
1.787755889457721237e+00
1.786539339040936092e+00
1.788863027037364439e+00
1.792914550084667713e+00
1.795657437103414633e+00
1.794153500728391748e+00
1.790181978023439147e+00
1.787961735360295457e+00
1.789316584830792589e+00
1.793476169483969151e+00
1.797184326914999630e+00
1.797256922120729072e+00
1.794883425127569376e+00
1.793280312712621782e+00
1.794246380857827727e+00
1.797275636431940660e+00
1.799112521742224358e+00
1.797634956230373060e+00
1.795564728036143309e+00
1.796011310183701859e+00
1.798812133458181917e+00
1.801204575291853960e+00
1.800818557299563194e+00
1.798802154515334317e+00
1.798020108039789289e+00
1.799447808696871931e+00
1.801594116801507495e+00
1.802297597249424843e+00
1.801500916111596906e+00
1.800950608933957975e+00
1.801683493352697063e+00
1.803205421906835637e+00
1.804120532742389926e+00
1.803730125986499289e+00
1.803038979477934012e+00
1.803383146816689653e+00
1.804830695914510841e+00
1.806191153033922081e+00
1.806426216094102699e+00
1.805941843126261936e+00
1.805926172684920950e+00
1.806852289107748533e+00
1.808023330824271024e+00
1.808492315806785156e+00
1.808344788745000375e+00
1.808478762663776607e+00
1.809328502590496601e+00
1.810405418274964262e+00
1.810964588981300860e+00
1.810961403606326847e+00
1.811090874887196112e+00
1.811907435193892857e+00
1.813339347251610612e+00
1.815379566270399758e+00
1.820020898482060057e+00
1.829499824079274806e+00
1.812699146643190540e+00
1.811964983718589384e+00
1.813536071585334364e+00
1.815859634555386348e+00
1.817726977615431894e+00
1.817935301386414126e+00
1.819471396639853911e+00
1.829474793086993456e+00
1.852667409278642374e+00
1.798546531083179412e+00
1.814609585167834105e+00
1.797782518558431519e+00
1.792177619054609483e+00
1.806725946898706470e+00
1.812619768811681853e+00
1.802116522483400152e+00
1.795545552154563573e+00
1.802755343194344162e+00
1.787716697898757534e+00
1.787717210149340374e+00
1.789182497098760205e+00
1.793372669693614530e+00
1.802243295386649624e+00
1.811422402503956475e+00
1.820150458516872183e+00
1.822967466334343145e+00
1.821875464120791266e+00
1.808202308434214478e+00
1.799343898020123067e+00
1.798236091559137995e+00
1.798691109506449504e+00
1.802310854532816586e+00
1.809230716559884211e+00
1.811794559885908873e+00
1.829677323485616069e+00
1.815378971421236942e+00
1.809863627982348344e+00
1.821049372687945755e+00
1.845334184745065276e+00
1.814178622048922218e+00
1.810688957848939129e+00
1.810363773679011468e+00
1.807226002117123143e+00
1.805827956427551673e+00
1.805997403623901709e+00
1.808299970803391776e+00
1.815814133311994816e+00
1.828738510055051503e+00
1.839770185268681191e+00
1.829891137003980761e+00
1.808174298101456579e+00
1.808156127135334579e+00
1.808653587685540964e+00
1.809258629885152514e+00
1.810497602969559416e+00
1.819438366619140046e+00
1.827469272258876565e+00
1.817743852643934677e+00
1.824985295376697625e+00
1.829126102749931482e+00
1.830859960210309723e+00
1.814145072013174875e+00
1.828704199804757069e+00
1.817847363032651709e+00
1.819654237241437489e+00
1.816045832425018158e+00
1.819351235552490786e+00
1.835867704760956842e+00
1.824220594994781619e+00
1.827713265801940379e+00
1.823057076740001614e+00
1.819251883125319713e+00
1.818047011903905830e+00
1.819654441003744738e+00
1.825496532591442955e+00
1.839246413089749010e+00
1.844472551282611006e+00
1.836567014974376244e+00
1.825469636008022478e+00
1.821027745462021619e+00
1.821905043523809109e+00
1.826427816689578432e+00
1.831468320373302872e+00
1.833799519771288189e+00
1.834371028134305526e+00
1.833747171195137193e+00
1.837040597907245942e+00
1.845502035009143782e+00
1.851995464858368079e+00
1.857847954473716090e+00
1.864396125046555275e+00
1.857065711097363181e+00
1.849952771890433612e+00
1.852038063525161427e+00
1.852910925146915577e+00
1.852338470991800712e+00
1.860539469827782844e+00
1.874605534683557062e+00
1.894698180016049394e+00
1.831346815276969631e+00
1.832937787517915140e+00
1.821793992651280503e+00
1.814319727896429368e+00
1.816833179265160636e+00
1.817952514925501806e+00
1.822560072408009546e+00
1.807240265692152459e+00
1.805662433860571792e+00
1.807755544429555217e+00
1.796017956504517787e+00
1.786351145879792046e+00
1.783988614945182682e+00
1.783123770543148190e+00
1.791007354567435872e+00
1.793999918942015270e+00
1.795304237214882415e+00
1.781353743665905487e+00
1.782990324610332022e+00
1.784484319479209935e+00
1.785867559966058504e+00
1.787159478535062851e+00
1.788376679346910914e+00
1.789535129319180795e+00
1.790647580295596564e+00
1.791718802288526868e+00
1.792745839814945841e+00
1.793727517840322028e+00
1.794669568579111862e+00
1.795580139499258099e+00
1.796467294901565870e+00
1.797341053870051608e+00
1.798212870234181304e+00
1.799091774636430330e+00
1.799981935889595652e+00
1.800883129960394236e+00
1.801792414982815727e+00
1.802705597573809104e+00
1.803618004984842038e+00
1.804524581912361203e+00
1.805420002668882251e+00
1.806300271872246732e+00
1.807169687245111067e+00
1.808327757927560064e+00
1.817324729044390796e+00
1.826314172491612986e+00
1.822713732191350688e+00
1.823142826626647395e+00
1.827301380170661460e+00
1.828225377831660170e+00
1.818404842540103150e+00
1.821930217374462702e+00
1.840326836207183403e+00
1.832773656620685143e+00
1.839019284708148572e+00
1.854513737437408549e+00
1.861561457859997049e+00
1.843129750201772721e+00
1.832444991826757574e+00
1.830420401851769130e+00
1.831705576670193958e+00
1.834449555998371117e+00
1.832698104851261167e+00
1.835154748990519336e+00
1.843174196776979246e+00
1.845878649780758218e+00
1.828025310612082510e+00
1.831430404304524195e+00
1.818827463073573014e+00
1.813359195513573718e+00
1.813668465085532144e+00
1.817296390254598215e+00
1.830172791235137986e+00
1.817737879065110418e+00
1.831217526463038814e+00
1.833413327116788283e+00
1.835914501171994173e+00
1.819751151446081128e+00
1.819296402929827305e+00
1.820322168841705945e+00
1.825669268905016462e+00
1.839914403095319839e+00
1.832188159184263032e+00
1.826353073565703644e+00
1.825441991524001883e+00
1.828725913039772166e+00
1.839833920264475342e+00
1.842638439286683028e+00
1.851017475127974876e+00
1.822154721327400750e+00
1.816710746627912654e+00
1.829211362379480565e+00
1.805998355145358225e+00
1.801504916883306384e+00
1.797909759868009161e+00
1.793416121259080676e+00
1.807122836999402793e+00
1.805453987328383469e+00
1.788321830291894843e+00
1.791050272312662672e+00
1.795278713512955759e+00
1.789994604218799967e+00
1.784298206883502935e+00
1.796959905251783507e+00
1.782920058524170015e+00
1.782890926703357026e+00
1.786310518290888494e+00
1.787762987262956793e+00
1.800809214387961266e+00
1.777637525957371567e+00
1.771742574403497139e+00
1.771343904673474912e+00
1.773958143336728188e+00
1.788541031088594302e+00
1.776519913550125951e+00
1.777227104529066404e+00
1.775380363074782641e+00
1.771650463105079121e+00
1.769542664474896609e+00
1.769860254081592199e+00
1.772137091411737808e+00
1.776863251479790851e+00
1.790109364541365489e+00
1.786973433525412824e+00
1.775922404937256838e+00
1.768544764634602418e+00
1.765775191011341949e+00
1.766792872252387792e+00
1.770938467063543298e+00
1.776154488184235936e+00
1.776843451571036514e+00
1.775485547609814585e+00
1.770387242864314592e+00
1.768489357575086851e+00
1.769575424222873616e+00
1.773416295570412693e+00
1.779494775045591171e+00
1.782742111444849620e+00
1.782930746229406616e+00
1.781731687127926289e+00
1.782271213122951448e+00
1.784816085326644819e+00
1.787969795271830753e+00
1.784427438818231515e+00
1.788806221942846442e+00
1.775828188386674888e+00
1.772579363763918892e+00
1.773310310133028311e+00
1.774164211679461811e+00
1.775061343452787099e+00
1.775994619807583996e+00
1.776958878443572809e+00
1.777949667388200927e+00
1.778963591680488454e+00
1.779998441342661719e+00
1.781052998583532387e+00
1.782126610649413134e+00
1.783218698396732638e+00
1.784328388842659541e+00
1.785454493495187478e+00
1.786598078787775767e+00
1.787847047527867161e+00
1.791942772093073177e+00
1.809313508877930854e+00
1.821219884754858409e+00
1.796219529762837830e+00
1.796311076019240005e+00
1.797913602240263309e+00
1.799722277774895574e+00
1.801578494935573538e+00
1.803561645276595682e+00
1.806082609231528746e+00
1.810551687802815612e+00
1.819297264946067028e+00
1.835293211082828835e+00
1.820828878631483461e+00
1.827929938570846735e+00
1.832606170955580538e+00
1.819507799221161903e+00
1.816920498371639603e+00
1.818153791973937228e+00
1.819538589675558704e+00
1.820943595317567665e+00
1.822245859879462859e+00
1.823424675323840338e+00
1.824626893888947832e+00
1.825961092926544183e+00
1.827521440116472551e+00
1.829580116746972740e+00
1.832768886912788942e+00
1.838102967704868806e+00
1.845294388603674562e+00
1.851356540397722350e+00
1.854072957449019787e+00
1.859992050910776573e+00
1.863321566330799373e+00
1.838913162952590774e+00
1.838199749459249688e+00
1.838577949218326735e+00
1.839145707304874700e+00
1.839821398371704442e+00
1.840822630048794428e+00
1.842471197165258756e+00
1.844385925581653041e+00
1.846037077103527047e+00
1.847504893478931098e+00
1.849222294631695851e+00
1.851847813254040132e+00
1.856537584306405586e+00
1.864422043129559725e+00
1.866399969843007822e+00
1.864838647519533987e+00
1.872996937203134982e+00
1.880342484437933281e+00
1.886425570255487294e+00
1.893234261107551886e+00
1.855469038657934444e+00
1.868393942822777154e+00
1.878880643126468186e+00
1.870653395733541391e+00
1.876326741805959708e+00
1.855483252338372635e+00
1.876581114307131815e+00
1.859922439385896853e+00
1.846363255393752123e+00
1.843138475999358761e+00
1.842586616605003114e+00
1.842421335105102198e+00
1.842417838907005390e+00
1.842555728897209200e+00
1.842841247025382323e+00
1.843368215407950705e+00
1.844799351387128139e+00
1.850441413840505644e+00
1.862000660185424428e+00
1.863989606428821943e+00
1.847358400099049947e+00
1.849147695108271039e+00
1.850788127517529524e+00
1.853108471594965057e+00
1.872043099995322812e+00
1.855662839937477493e+00
1.858032585566455452e+00
1.868066307656358394e+00
1.876158907973951795e+00
1.860172988751256584e+00
1.859868952811854825e+00
1.860403130685290840e+00
1.860999219852554454e+00
1.861650543940271074e+00
1.862347133987572123e+00
1.863078265571047165e+00
1.863833948690861275e+00
1.864604275055550264e+00
1.865378639181192844e+00
1.866149009557918070e+00
1.866936382434519759e+00
1.867984982870795507e+00
1.870569160506513784e+00
1.877116756536210573e+00
1.888029872506984397e+00
1.897973015052767387e+00
1.893605341043888002e+00
1.886875365127724136e+00
1.886403525390665914e+00
1.886175944205518595e+00
1.884723977999404276e+00
1.883429220789668790e+00
1.883369171578322732e+00
1.884664229955038905e+00
1.886700749078296546e+00
1.888312120037856090e+00
1.888709388726628635e+00
1.888882803445184999e+00
1.894169123324176418e+00
1.908724172593775359e+00
1.908670331190823521e+00
1.918699581697719037e+00
1.926672865617614416e+00
1.909909380356011432e+00
1.901717141709881043e+00
1.901800706789704254e+00
1.906901942616440415e+00
1.916647134727094359e+00
1.915441909702315204e+00
1.921097785425813775e+00
1.921404811008986968e+00
1.924854250627400898e+00
1.926887061182803729e+00
1.925988555940662650e+00
1.903563636500845924e+00
1.901093922348219944e+00
1.902484633545083126e+00
1.908390773125989481e+00
1.917674642708618427e+00
1.922327725201896653e+00
1.917267312423624803e+00
1.912338326880824502e+00
1.911995889978278962e+00
1.917794519029098144e+00
1.932538185335939351e+00
1.952700963560084269e+00
1.959251042314634095e+00
1.907717029505705764e+00
1.894747203291065052e+00
1.892427533260572892e+00
1.892220019078789894e+00
1.897028521925035793e+00
1.909972310735392975e+00
1.911389222330714066e+00
1.893837461148919710e+00
1.895398978363951548e+00
1.897240513296616360e+00
1.910603350991398219e+00
1.914287175781807626e+00
1.908786844435196750e+00
1.908746117137203546e+00
1.913199855910930447e+00
1.921143516783058836e+00
1.906296413686128677e+00
1.903234485895240136e+00
1.905437984669599016e+00
1.914224345646240888e+00
1.930912129218114615e+00
1.943204831955380074e+00
1.952173099641256737e+00
1.939710066059199933e+00
1.937263348380665828e+00
1.945058419738685984e+00
1.933557474003251953e+00
1.934377023251170336e+00
1.924188346074443778e+00
1.912528257045133628e+00
1.911606141444649243e+00
1.913854373859974256e+00
1.918219172053033938e+00
1.921940639453004307e+00
1.921557821148619505e+00
1.925882481372368948e+00
1.932309897359057338e+00
1.920968865170407325e+00
1.919614455107951700e+00
1.921398604596017634e+00
1.921511864078344178e+00
1.925117092641198457e+00
1.934858696954443014e+00
1.943726225567715904e+00
1.965545573261270551e+00
1.942129534574299488e+00
1.919378970029535170e+00
1.932453831773191855e+00
1.928794316724083524e+00
1.921039366651730473e+00
1.924721167298885760e+00
1.939789383787883237e+00
1.931504274308117663e+00
1.924576859062694378e+00
1.923927883081053336e+00
1.925843978799666845e+00
1.931364196307708170e+00
1.946231576942043739e+00
1.972233298136831570e+00
1.965290013494031873e+00
1.926503004652105888e+00
1.924213526827221354e+00
1.922937008969669792e+00
1.922009032256727812e+00
1.921367998318702197e+00
1.920801588127758253e+00
1.920299865389729854e+00
1.920003888954209259e+00
1.919901462446829354e+00
1.919962545693836065e+00
1.920197104937962918e+00
1.920603566525372674e+00
1.921160951431346131e+00
1.921841195762116428e+00
1.922618538759121698e+00
1.923473512487641424e+00
1.924393670560714087e+00
1.925372308904617080e+00
1.926405926072188191e+00
1.927524345168634801e+00
1.930601007770637922e+00
1.946101219507507363e+00
1.947783131204769091e+00
1.950917019804841335e+00
1.937485531022010932e+00
1.934500932512952298e+00
1.936672847891664162e+00
1.944365836799207825e+00
1.955733754249261880e+00
1.957296890581328608e+00
1.946513514485668894e+00
1.943300346785572730e+00
1.957171855763108814e+00
1.984620865970046610e+00
1.958501381023618260e+00
1.940682368964073534e+00
1.952916880783678755e+00
1.950921155225748160e+00
1.977539267286755553e+00
1.981356168033211684e+00
1.972013644539306165e+00
1.967856535322549227e+00
1.950905766097067007e+00
1.959900666695376881e+00
1.956041231896950672e+00
1.960669892126134295e+00
1.957456312794863873e+00
1.955293136456368375e+00
1.963080854819352794e+00
1.963741971547717124e+00
1.962202033749433028e+00
1.973523596226381294e+00
1.992355856000326941e+00
1.983808268976465339e+00
1.977663469869110902e+00
1.974539806001117226e+00
1.969040111958758166e+00
1.966461987291689750e+00
1.968670504717048297e+00
1.976049050224905290e+00
1.987362952020694129e+00
1.993232398088556234e+00
1.999525671677959915e+00
2.000998045157586613e+00
1.992252347908200383e+00
1.985835052196543993e+00
1.983136548237605323e+00
1.985987269871225092e+00
1.993824480301005897e+00
1.993233370237494473e+00
1.993998743258769579e+00
1.998263052910502324e+00
2.005723479671576381e+00
1.998001808234703303e+00
1.995582745137059577e+00
1.999781456122523338e+00
2.004296099094016181e+00
2.003972590174872170e+00
2.003302774154863908e+00
2.004539257859076162e+00
2.007832130131987469e+00
2.009904537595969654e+00
2.006528556666310248e+00
2.005099482682283885e+00
2.009012970271750742e+00
2.017526025176129778e+00
2.024543267874483465e+00
2.022650250730052335e+00
2.020671153459535851e+00
2.025466228324373841e+00
2.037654604653886814e+00
2.051834733474274142e+00
2.007167722559332734e+00
1.986358634330686712e+00
1.992016100103151777e+00
1.976629612299914074e+00
1.976004159507511515e+00
1.982577478333256371e+00
1.982567193215799772e+00
1.974753912470939232e+00
1.974782816236412053e+00
1.989930630423508706e+00
1.988650654828794107e+00
2.009583656137568397e+00
2.003838176378107239e+00
2.013082980831448321e+00
1.984685776202881557e+00
1.992262326346691648e+00
1.988342430262579841e+00
1.992606596823573106e+00
1.999044073966475210e+00
2.012832989362418612e+00
2.015925813675866429e+00
2.021568453703914692e+00
2.020686933959568776e+00
2.028787746765862376e+00
2.025443866112868196e+00
1.991845307139798127e+00
1.989216781811380397e+00
2.005369586908179347e+00
1.988661033593039251e+00
1.974461409167600712e+00
1.973900295646422665e+00
1.986027058749647356e+00
1.988837473777505194e+00
1.972902010205471734e+00
1.972965978838761902e+00
1.984015514831033666e+00
1.983875514156781206e+00
1.973876138048194395e+00
1.971458634858655579e+00
1.971847463875775697e+00
1.977112867933542351e+00
1.989788860275177429e+00
2.004346316485789536e+00
1.961419036159301132e+00
1.955454770292739619e+00
1.937469891588493809e+00
1.956215221045703556e+00
1.920480564807019119e+00
1.910274457245696444e+00
1.893464631130746145e+00
1.880998855318779528e+00
1.877304622349512675e+00
1.865887097947076745e+00
1.846149755739633136e+00
1.837386773247306371e+00
1.843451157662732820e+00
1.843321000653775021e+00
1.836491170027585440e+00
1.823198015101286096e+00
1.818133921709967904e+00
1.813328752815366984e+00
1.826591108425415166e+00
1.818352379554332598e+00
1.811618843978127336e+00
1.798970135983965157e+00
1.814991941687160493e+00
1.831276116316227665e+00
1.805461970404903083e+00
1.799246732287441919e+00
1.802178194217564089e+00
1.803037169987765420e+00
1.802442987228275229e+00
1.802786834208016220e+00
1.800538427306855649e+00
1.797330094950450041e+00
1.794724141791076866e+00
1.793178675569497171e+00
1.792710721594844125e+00
1.793141385720288916e+00
1.794313983884872288e+00
1.796165913104938117e+00
1.798665256014251312e+00
1.801645742460271427e+00
1.804577491093173558e+00
1.806323150449213655e+00
1.805847988014146255e+00
1.804729874364866982e+00
1.801069744582116439e+00
1.796217001036944261e+00
1.792215748676295517e+00
1.789467932163875785e+00
1.787841696795243740e+00
1.787133777776530152e+00
1.787207275323498434e+00
1.788011464799792227e+00
1.789558506949724404e+00
1.791872477356954541e+00
1.794899775386764151e+00
1.798360088771365550e+00
1.801534454758677128e+00
1.803379889558353710e+00
1.803730457855049485e+00
1.803030100924557955e+00
1.801899778860061252e+00
1.800980644370554051e+00
1.800510963889380145e+00
1.800509816527807061e+00
1.800900077575650515e+00
1.801515397859392298e+00
1.802071873830205284e+00
1.802222851440959506e+00
1.801723224255122435e+00
1.800708185631602731e+00
1.799636824133150403e+00
1.798916318232429701e+00
1.798740914262774826e+00
1.799112651570773158e+00
1.799888661586382055e+00
1.800811330523678810e+00
1.801573420460150121e+00
1.801946589916484820e+00
1.801959077655389763e+00
1.801865069251948670e+00
1.801904794077763050e+00
1.802175182419051502e+00
1.802621873894301174e+00
1.803080228826790865e+00
1.803338181101148407e+00
1.803235428485133962e+00
1.802794482438993651e+00
1.802229632818975746e+00
1.801771510510044694e+00
1.801545390601748675e+00
1.801543073980016008e+00
1.801650574655958570e+00
1.801713738916925323e+00
1.801640930037872623e+00
1.801489744251421943e+00
1.801405250513014034e+00
1.801495128088539621e+00
1.801765533361570082e+00
1.802124169269575749e+00
1.802431380667744110e+00
1.802586895389097776e+00
1.802606459708778308e+00
1.802590983985922213e+00
1.802627550522976074e+00
1.802729001959491928e+00
1.802833584659767396e+00
1.802851538262131958e+00
1.802739304945224719e+00
1.802547322892122494e+00
1.802376554003459974e+00
1.802297589631733254e+00
1.802309719419496359e+00
1.802354091497528454e+00
1.802366821297460175e+00
1.802338987276898452e+00
1.802324315705546853e+00
1.802383478795666294e+00
1.802532060294263383e+00
1.802733971350389819e+00
1.802938496870448715e+00
1.803133854707527961e+00
1.803370091032595601e+00
1.803729807648200900e+00
1.804292315322387541e+00
1.805138228519832300e+00
1.806401185342635607e+00
1.808333044890367169e+00
1.811309902645299230e+00
1.815691580531543670e+00
1.821494433123031831e+00
1.828036600929635158e+00
1.833907416547621905e+00
1.837611431952966390e+00
1.838598200253711568e+00
1.837119003142007712e+00
1.833747868545134718e+00
1.829573467550164478e+00
1.825741300950492807e+00
1.822905132897432834e+00
1.821208568310449305e+00
1.820536093222040241e+00
1.820715012174580538e+00
1.821578886573970824e+00
1.822946446590075764e+00
1.824596283506581429e+00
1.826283249418379162e+00
1.827787892499492362e+00
1.828961862572252794e+00
1.829742610336255293e+00
1.830144166237576586e+00
1.830254268647285576e+00
1.830228549042921093e+00
1.830251108572426899e+00
1.830474955249266067e+00
1.830975285844134159e+00
1.831734317162668546e+00
1.832655514970698230e+00
1.833593579937107698e+00
1.834394917230891098e+00
1.834941089499812161e+00
1.835180268021320726e+00
1.835137859817059791e+00
1.834902088461866310e+00
1.834592361521617088e+00
1.834323569414968658e+00
1.834177692458324627e+00
1.834191341852430712e+00
1.834356523394035099e+00
1.834629746994532740e+00
1.834946285331405136e+00
1.835236355678771192e+00
1.835441625187748560e+00
1.835527887248826984e+00
1.835490925820873809e+00
1.835356061118904147e+00
1.835171582329703899e+00
1.834997736273380919e+00
1.834893295071440056e+00
1.834902867333899623e+00
1.835048939628801445e+00
1.835329384405625541e+00
1.835719516291335784e+00
1.836177336334747556e+00
1.836651129146335437e+00
1.837089444743626787e+00
1.837451356673396097e+00
1.837713672742677717e+00
1.837873074471820134e+00
1.837943644144265809e+00
1.837952193127345035e+00
1.837932536848476683e+00
1.837918755009886107e+00
1.837938316813209294e+00
1.838007296953068082e+00
1.838131156511475073e+00
1.838335161542602458e+00
1.845203187447867821e+00
1.797501902003730834e+00
1.788509537989158682e+00
1.794452322169692193e+00
1.791662455537397891e+00
1.793056538730022798e+00
1.794232088491376054e+00
1.803148487842107794e+00
1.814342491488046827e+00
1.796463144600949136e+00
1.817635625735403826e+00
1.800272790318814708e+00
1.803012963064579033e+00
1.807183316831624920e+00
1.807236530283512721e+00
1.808470146169363302e+00
1.809654302961738681e+00
1.810648289597799110e+00
1.811552599432143751e+00
1.813771523500197658e+00
1.828522530946852243e+00
1.837153456590025158e+00
1.838843602712387337e+00
1.854398904884379196e+00
1.866461673406802690e+00
1.858250726149247356e+00
1.845863411689824485e+00
1.838657895302812095e+00
1.834968421190576793e+00
1.832968992833064581e+00
1.832129590568227107e+00
1.832115698671605619e+00
1.832601620002607401e+00
1.833307248285583890e+00
1.834019981486596507e+00
1.834594896827233201e+00
1.834958139355126194e+00
1.835093449152005896e+00
1.835007646729286845e+00
1.834711473204699406e+00
1.834225713214172826e+00
1.833592961349319372e+00
1.832877377003333308e+00
1.832152002678625102e+00
1.831483876495251906e+00
1.830924220896658738e+00
1.830504869444893545e+00
1.830239442214464107e+00
1.830127513001646111e+00
1.830160140942175939e+00
1.830325268607138733e+00
1.830611848167808864e+00
1.831012281453656465e+00
1.831523714988792184e+00
1.832149380083410106e+00
1.832900841868346564e+00
1.833800247531516048e+00
1.834879082527263172e+00
1.836169607488092881e+00
1.837690291617962712e+00
1.839433853732729940e+00
1.841366509720660627e+00
1.843437844751777188e+00
1.845592275586488196e+00
1.847771144866741322e+00
1.849892107989861589e+00
1.851780268151723030e+00
1.853028761448656025e+00
1.852973626026244602e+00
1.851893687783085829e+00
1.850585008312284119e+00
1.849488361123399649e+00
1.848958160319803756e+00
1.848967607699191218e+00
1.849403080780219755e+00
1.850157935984143132e+00
1.851146308369386650e+00
1.852300151960283303e+00
1.853563703096540394e+00
1.854886681990786768e+00
1.856212011362456948e+00
1.857449383968648560e+00
1.858464356567962605e+00
1.859238997201749566e+00
1.859791440215941449e+00
1.860140808773445897e+00
1.860347333911223089e+00
1.860388734945515710e+00
1.869153876972835304e+00
1.817428926030698833e+00
1.831276047191855882e+00
1.809266861533205484e+00
1.791425954103152973e+00
1.782055813400469146e+00
1.768595679689208611e+00
1.757415510758364219e+00
1.765472980144455084e+00
1.756829829497592588e+00
1.741491474653012350e+00
1.734346542515784906e+00
1.714702673376831576e+00
1.709158052705647357e+00
1.720822646054937843e+00
1.692393510806920354e+00
1.684774260841410909e+00
1.694700954617537558e+00
1.681152270458174725e+00
1.666933139311617351e+00
1.662024463420445741e+00
1.659094018344542620e+00
1.662949529715232133e+00
1.670321435078965244e+00
1.671825504227110626e+00
1.667989455278257260e+00
1.664570251587278893e+00
1.662754988850174254e+00
1.660338609820546818e+00
1.656348342282177644e+00
1.651800305773750255e+00
1.647554761567744608e+00
1.644067655984935650e+00
1.641951783379918428e+00
1.642641028042499007e+00
1.646440489548459452e+00
1.651019009018103167e+00
1.654128627359378489e+00
1.661701260293731108e+00
1.647449531836464143e+00
1.658839019527248437e+00
1.653540534007759577e+00
1.647520565325895525e+00
1.647849386646987435e+00
1.650308004012906338e+00
1.652822774133302142e+00
1.655080957549296627e+00
1.657059483252712351e+00
1.658787138546254702e+00
1.660293664156932580e+00
1.661601610208903290e+00
1.662729962560978603e+00
1.663700160763667446e+00
1.664540058310515658e+00
1.665281807952011306e+00
1.665955198045017127e+00
1.666583207774655406e+00
1.667181294802630775e+00
1.667755210717090764e+00
1.668292819066198307e+00
1.668756075681849582e+00
1.669099408252840755e+00
1.669295827266686238e+00
1.669350025321260311e+00
1.669325554060643313e+00
1.669297175252269172e+00
1.669310921463533104e+00
1.669386962214429060e+00
1.669530377540272559e+00
1.669738400978217685e+00
1.670004475331810623e+00
1.670320500051811763e+00
1.670678003096181197e+00
1.671068511766589548e+00
1.671483196384164094e+00
1.671911808430009305e+00
1.672341068429756605e+00
1.672753298265416078e+00
1.673127436408408109e+00
1.673444606592849437e+00
1.673695704763822789e+00
1.673886145369143374e+00
1.674036760289732362e+00
1.674177594488647447e+00
1.674337159823570564e+00
1.674535737720480588e+00
1.674784156970937188e+00
1.675084845594598359e+00
1.675432958599802014e+00
1.675817044120208710e+00
1.676219769916572844e+00
1.676620004767260141e+00
1.676997580824569622e+00
1.677340163974994303e+00
1.677648521500191281e+00
1.677935987315260169e+00
1.678222073020807059e+00
1.678524651902663312e+00
1.678854894504171247e+00
1.679215714731979281e+00
1.679602374093972506e+00
1.680004036657444022e+00
1.680405979527950677e+00
1.680792712782677167e+00
1.681151955709119239e+00
1.681478355034946803e+00
1.681775097554200071e+00
1.682052332708481313e+00
1.682323186182994812e+00
1.682599421247116034e+00
1.682888450838449845e+00
1.683192171043700780e+00
1.683507287754803849e+00
1.683826737604041224e+00
1.684141947916055093e+00
1.684445562809300245e+00
1.684733859649180765e+00
1.685007855273074950e+00
1.685272550494351762e+00
1.685534721262398339e+00
1.685800357261863835e+00
1.686072770250068853e+00
1.686351820965593662e+00
1.686634208265379131e+00
1.686914552283125257e+00
1.687186950000888475e+00
1.687446613102585369e+00
1.687691116847113593e+00
1.687920844557845301e+00
1.688138494911780807e+00
1.688347904204041905e+00
1.688552681434154490e+00
1.688755132953739357e+00
1.688955745604774794e+00
1.689153269516656453e+00
1.689345287626143222e+00
1.689529070480538131e+00
1.689702460520329685e+00
1.689864518984147246e+00
1.690015737869912993e+00
1.690157773167771937e+00
1.690292832486945063e+00
1.690422961449053574e+00
1.690549472213471960e+00
1.690672668357132924e+00
1.690791903879906632e+00
1.690905917110277157e+00
1.691013317783204295e+00
1.691113077062649461e+00
1.691204877905689186e+00
1.691289230503987717e+00
1.691367335832098640e+00
1.691440762662016040e+00
1.691511057063846968e+00
1.691579409948723800e+00
1.691646472885099950e+00
1.691712356267548456e+00
1.691776788306247559e+00
1.691839371287890748e+00
1.691899849511256715e+00
1.691958305116656236e+00
1.692015224490043934e+00
1.692071422418234938e+00
1.692127858600949386e+00
1.692185413816273964e+00
1.692244699925664397e+00
1.692305959628000567e+00
1.692369078355908441e+00
1.692433694646296338e+00
1.692499367152781486e+00
1.692565742878507251e+00
1.692632675055840252e+00
1.692700258783035761e+00
1.692768781404482059e+00
1.692838612525872310e+00
1.692910075777280809e+00
1.692983345934038431e+00
1.693058402107959992e+00
1.693135046562192159e+00
1.693212976998031527e+00
1.693291884484155796e+00
1.693371543565656445e+00
1.693451866413179907e+00
1.693532906819629646e+00
1.693614817391625005e+00
1.693697778295010670e+00
1.693781923487357899e+00
1.693867288647535885e+00
1.693953795585576128e+00
1.694041274748354864e+00
1.694129515128040220e+00
1.694218323164115692e+00
1.694307571063397688e+00
1.694397220169679974e+00
1.694487314437616687e+00
1.694577949289171936e+00
1.694669228679598572e+00
1.694761225780614611e+00
1.694853959924478959e+00
1.694947395812246072e+00
1.695041463051081054e+00
1.695136087554211635e+00
1.695231223190162062e+00
1.695326873029265879e+00
1.695423093948842830e+00
1.695519984475783115e+00
1.695617661367135653e+00
1.695716233692906805e+00
1.695815783198039162e+00
1.695916356790190260e+00
1.696017972404077589e+00
1.696120634936087113e+00
1.696224355939269568e+00
1.696329170168042966e+00
1.696435143834737147e+00
1.696542372765667439e+00
1.696650972250027367e+00
1.696761063008944248e+00
1.696872758574895057e+00
1.696986158351010410e+00
1.697101348257788800e+00
1.697218408110635401e+00
1.697337422679788377e+00
1.697458492445055978e+00
1.697581740562610797e+00
1.697707314197069994e+00
1.697835380474171263e+00
1.697966119117299222e+00
1.698099714757636214e+00
1.698236351723398041e+00
1.698376212991556278e+00
1.698519483401673691e+00
1.698666355772465941e+00
1.698817037713368894e+00
1.698971756915381270e+00
1.699130763456522919e+00
1.699294328832192891e+00
1.699462742568781604e+00
1.699636308002370866e+00
1.699815338892209482e+00
1.700000158023711627e+00
1.700191098079399499e+00
1.700388504162684500e+00
1.700592736764315882e+00
1.700804173842330069e+00
1.701023211034581539e+00
1.701250259664833120e+00
1.701485742880263663e+00
1.701730090727495703e+00
1.701983735094988237e+00
1.702247105221624590e+00
1.702520624019231654e+00
1.702804704971302652e+00
1.703099749031236732e+00
1.703406140857868234e+00
1.703724243897327462e+00
1.704054394160780417e+00
1.704396892920828854e+00
1.704751998824526327e+00
1.705119920017878155e+00
1.705500806785982926e+00
1.705894744989275180e+00
1.706301750309641596e+00
1.706721763099493749e+00
1.707154643509728453e+00
1.707600166569521294e+00
1.708058016968974524e+00
1.708527783395770161e+00
1.709008952337804921e+00
1.709500901243345306e+00
1.710002890818486554e+00
1.710514056061699151e+00
1.711033395434558013e+00
1.711559757404901516e+00
1.712091823530059953e+00
1.712628087321729220e+00
1.713166828394722785e+00
1.713706081902980793e+00
1.714243604090934125e+00
1.714776836063850896e+00
1.715302869774372851e+00
1.715818422890765360e+00
1.716319832668828038e+00
1.716803082806602765e+00
1.717263880339546356e+00
1.717697799568956851e+00
1.718100503304735849e+00
1.718468035048895448e+00
1.718797149500089771e+00
1.719085621511692530e+00
1.719332463107030140e+00
1.719538001324470322e+00
1.719703823162819889e+00
1.719832644172396119e+00
1.719928163489338413e+00
1.719994924991807173e+00
1.720038153397072556e+00
1.720063522828268576e+00
1.720076850222213460e+00
1.720083753800484727e+00
1.720089341945832295e+00
1.720097988953319224e+00
1.720113223015671489e+00
1.720137717611317507e+00
1.720173354324033177e+00
1.720221318106306851e+00
1.720282192799510002e+00
1.720356039317562091e+00
1.720442454673895449e+00
1.720540621539438320e+00
1.720649361965285618e+00
1.720767205016665802e+00
1.720892469335120856e+00
1.721023352985060484e+00
1.721158018607681583e+00
1.721294663365949607e+00
1.721431568823226677e+00
1.721567132616126816e+00
1.721699888778599474e+00
1.721828525398463317e+00
1.721951906767645424e+00
1.722069103084685304e+00
1.722179425554870136e+00
1.722282460266691739e+00
1.722378092117934578e+00
1.722466511029129510e+00
1.722548196257538411e+00
1.722623879457236828e+00
1.722694491545077033e+00
1.722761101029857134e+00
1.722824851593510287e+00
1.722886904707507716e+00
1.722948390061406210e+00
1.723010363947941714e+00
1.723073774430270655e+00
1.723139432251915570e+00
1.723207987496167659e+00
1.723279913156514409e+00
1.723355497386905855e+00
1.723434845950199135e+00
1.723517895328014582e+00
1.723604435434753723e+00
1.723694139390961944e+00
1.723786596838653651e+00
1.723881347113307649e+00
1.723977909223073146e+00
1.724075806761265595e+00
1.724174587192331964e+00
1.724273836017213846e+00
1.724373186890144849e+00
1.724472328776827545e+00
1.724571010865453280e+00
1.724669045441696635e+00
1.724766308585393260e+00
1.724862738486002689e+00
1.724958331391039934e+00
1.725053135569761809e+00
1.725147244044006767e+00
1.725240787103242024e+00
1.725333925747650543e+00
1.725426847244469597e+00
1.725519764096709707e+00
1.725612918207517499e+00
1.725706593425556212e+00
1.725801143159683804e+00
1.725897048424723579e+00
1.725995044668201306e+00
1.726096423979485373e+00
1.726203855222298689e+00
1.726324063871689019e+00
1.726479336485754024e+00
1.726782768493535070e+00
1.728202493242058768e+00
1.726539390129204543e+00
1.726472946488198046e+00
1.726455634278766693e+00
1.726533682243272194e+00
1.726702945046356019e+00
1.726922942284781382e+00
1.727132472607684877e+00
1.733551853301969370e+00
1.676216769651827310e+00
1.676302510816473523e+00
1.697646928181806958e+00
1.679063879739611131e+00
1.687611061283715408e+00
1.695290630476847138e+00
1.689079992675185826e+00
1.679712688839543056e+00
1.675037831386955833e+00
1.673630585184109121e+00
1.673005360547753950e+00
1.672731502998252795e+00
1.673610018357864382e+00
1.681893241927600258e+00
1.699594323526542050e+00
1.699242405719305848e+00
1.692048672471098580e+00
1.692483152070395347e+00
1.694724306042605377e+00
1.697727781066372899e+00
1.700757088013491902e+00
1.702609500685235089e+00
1.701627103381111228e+00
1.698372171522954055e+00
1.694753716497159335e+00
1.691417870029147119e+00
1.688569752758146247e+00
1.686251477443380553e+00
1.684441298661405018e+00
1.683091041707418967e+00
1.682141001199906505e+00
1.681528009570603999e+00
1.681192759830772543e+00
1.681086953180006560e+00
1.681178259654945828e+00
1.681451028737942055e+00
1.681902527906453004e+00
1.682536643383109487e+00
1.683357905557734568e+00
1.684367908677696812e+00
1.685563485086973623e+00
1.686932476164348049e+00
1.688439593874939915e+00
1.689992161359594292e+00
1.691379938400870975e+00
1.694059288818003939e+00
1.692421846504909011e+00
1.692366528193819608e+00
1.692139012210096993e+00
1.691867188540068678e+00
1.691662804007563192e+00
1.691606422021725953e+00
1.691748713384900737e+00
1.692115899686569502e+00
1.692715593523952178e+00
1.693542722970072134e+00
1.694584823815198815e+00
1.695825290357994009e+00
1.697243655361984960e+00
1.698813407771530004e+00
1.700499153654100315e+00
1.702255280906162849e+00
1.704027556103521412e+00
1.705757690375484303e+00
1.707389691114550745e+00
1.708876232561172603e+00
1.710183328889268051e+00
1.711292242661697216e+00
1.712198787443170112e+00
1.712911396700798727e+00
1.713449369911221654e+00
1.713841427457144739e+00
1.714123567183777119e+00
1.714335442355044092e+00
1.714515654127557465e+00
1.714697231891431528e+00
1.714904554092981259e+00
1.715152290222482945e+00
1.715446137529487380e+00
1.715784590531097553e+00
1.716160890715516363e+00
1.716564586342710141e+00
1.716982565603021982e+00
1.717399784907845062e+00
1.717800092008820112e+00
1.718167552981705981e+00
1.718488548374881519e+00
1.718754536355171947e+00
1.718964817103026732e+00
1.719128243496434116e+00
1.719263017249747838e+00
1.719394571500137747e+00
1.719552585983296966e+00
1.719768424072134039e+00
1.720073513320566239e+00
1.720498278515249169e+00
1.721070854025817498e+00
1.721814977134308533e+00
1.722746973769450296e+00
1.723872347667744220e+00
1.725182881791253120e+00
1.726655073746362401e+00
1.728250150659999429e+00
1.729915319074662561e+00
1.731585960383364542e+00
1.733189318858214367e+00
1.734650960621370697e+00
1.735904310895714620e+00
1.736900424906973717e+00
1.737613004754880341e+00
1.738037091369730724e+00
1.738185870725019067e+00
1.738089010994617656e+00
1.737789372026421697e+00
1.737336476065467261e+00
1.736781700357834746e+00
1.736176553721875182e+00
1.735570324410242726e+00
1.735006378798190640e+00
1.734519120067212317e+00
1.734132743843768143e+00
1.733861584039421810e+00
1.733711378549586790e+00
1.733680863207879952e+00
1.733763318031457779e+00
1.733947885182547388e+00
1.734220622114187815e+00
1.734565346066376357e+00
1.734964368218977926e+00
1.735399209113125174e+00
1.735851341355549859e+00
1.736302943680625877e+00
1.736737605477078450e+00
1.737140924266344033e+00
1.737500991618916801e+00
1.737808812834073180e+00
1.738058681218572765e+00
1.738248435863240626e+00
1.738379478544100243e+00
1.738456484981081962e+00
1.738486859834887044e+00
1.738480047119394634e+00
1.738446790319929658e+00
1.738398390473828048e+00
1.738345986669073584e+00
1.738299889049066405e+00
1.738269007936707355e+00
1.738260424440180918e+00
1.738279133522085740e+00
1.738327966795240043e+00
1.738407678577270632e+00
1.738517161631239150e+00
1.738653751034527239e+00
1.738813574886811875e+00
1.738991916738458210e+00
1.739183564314129127e+00
1.739383130001904698e+00
1.739585337896186967e+00
1.739785277059686663e+00
1.739978619730600640e+00
1.740161798058581732e+00
1.740332128053026617e+00
1.740487869732961990e+00
1.740628220095825629e+00
1.740753247604625242e+00
1.740863786768708676e+00
1.740961313151416334e+00
1.741047812309483467e+00
1.741125646258592896e+00
1.741197415061540577e+00
1.741265812187445583e+00
1.741333478166212423e+00
1.741402862872200696e+00
1.741476108650841903e+00
1.741554963560565827e+00
1.741640728092847201e+00
1.741734232950817640e+00
1.741835842358292030e+00
1.741945477653462637e+00
1.742062658281963161e+00
1.742186559371797783e+00
1.742316084992346692e+00
1.742449953803030915e+00
1.742586790604371938e+00
1.742725215399712591e+00
1.742863922197097404e+00
1.743001742594621373e+00
1.743137692661242744e+00
1.743271004082365350e+00
1.743401141208966054e+00
1.743527804983985963e+00
1.743650923939108255e+00
1.743770632645984309e+00
1.743887239390894850e+00
1.744001186674294379e+00
1.744113009260281677e+00
1.744223294163445903e+00
1.744332645315151975e+00
1.744441653617310406e+00
1.744550871716534779e+00
1.744660792630561508e+00
1.744771832074019757e+00
1.744884315205112335e+00
1.744998468837902994e+00
1.745114419705356745e+00
1.745232198437941529e+00
1.745351748131544145e+00
1.745472936155549881e+00
1.745595568208238690e+00
1.745719404181055534e+00
1.745844175666069642e+00
1.745969604694209254e+00
1.746095422681506637e+00
1.746221388011882647e+00
1.746347300597174579e+00
1.746473012242655498e+00
1.746598432486817787e+00
1.746723530383189171e+00
1.746848333139239262e+00
1.746972922571827569e+00
1.747097430180304611e+00
1.747222031568008482e+00
1.747346941153032907e+00
1.747472408613162775e+00
1.747598719234395803e+00
1.747726201361009979e+00
1.747855246095090465e+00
1.747986349146093854e+00
1.748120197653095120e+00
1.748257863371500020e+00
1.748401297113876929e+00
1.748554899964493980e+00
1.748732545428152374e+00
1.749016351202190789e+00
1.751863342430443282e+00
1.749958128054540429e+00
1.750161641775155097e+00
1.750220079059953582e+00
1.750250050673047841e+00
1.750173999128132873e+00
1.749767693205563468e+00
1.749098823287363658e+00
1.747162860656782390e+00
1.745764529482413119e+00
1.744519428440636677e+00
1.743537973377246031e+00
1.742883849314567746e+00
1.742578587242601174e+00
1.742612309585645614e+00
1.742954192513327838e+00
1.743561707693537688e+00
1.744387915725823301e+00
1.745386150135503689e+00
1.746512698600641178e+00
1.747729738898436525e+00
1.749010706355587974e+00
1.750345231529564227e+00
1.751730090122566974e+00
1.753143701901865414e+00
1.754549547846966595e+00
1.755909786754768165e+00
1.757205017146364234e+00
1.758431891580948925e+00
1.759594082332734954e+00
1.760696868317477959e+00
1.761745773759937128e+00
1.762747150471421831e+00
1.763708884336878224e+00
1.764640351122003459e+00
1.765551204983117461e+00
1.766448276717783372e+00
1.767329914638101407e+00
1.768184527361661207e+00
1.768996234719105720e+00
1.769749642734750772e+00
1.770434728737048324e+00
1.771070883714369826e+00
1.778158893905305460e+00
1.772530342058650010e+00
1.772616238991470139e+00
1.772487485599286261e+00
1.772380136309636534e+00
1.772353614269198685e+00
1.772396618987794215e+00
1.773319159853004701e+00
1.784797872935910412e+00
1.709062000029764716e+00
1.707783632351358660e+00
1.717071193725616229e+00
1.700760967987834604e+00
1.719833876434301079e+00
1.703427541602801298e+00
1.709639975338101969e+00
1.723434588598014683e+00
1.708350386503939333e+00
1.707569669575346394e+00
1.708870006861011426e+00
1.710127831696404810e+00
1.711308801395754253e+00
1.712403217046694071e+00
1.713402471231158186e+00
1.714307582423533649e+00
1.715131717106649578e+00
1.715894116911236722e+00
1.716610582191801182e+00
1.717287620268009851e+00
1.717924466746888257e+00
1.718522770279475198e+00
1.719101099903241447e+00
1.719709576028986220e+00
1.720437851290625986e+00
1.721404753405373134e+00
1.722716022702182048e+00
1.724403025601416672e+00
1.726397228916668025e+00
1.728570604784138931e+00
1.730797160888946529e+00
1.732984788181185065e+00
1.735074724204402674e+00
1.737028649211021625e+00
1.738817761606034962e+00
1.740418159015746591e+00
1.741811047715827288e+00
1.742984717653616844e+00
1.743936215129268552e+00
1.744672182817847306e+00
1.745872777400863551e+00
1.745491495064642296e+00
1.745281195008943520e+00
1.744821074663857940e+00
1.744310713537309043e+00
1.743873680064391030e+00
1.743581123508415764e+00
1.743468712472639792e+00
1.743547701589041710e+00
1.743812939400461115e+00
1.744249778112800353e+00
1.744839907166846116e+00
1.745565053090148089e+00
1.746407890229837667e+00
1.747350756776744785e+00
1.748373776546645608e+00
1.749454053107875273e+00
1.750566709260815257e+00
1.751687342911266709e+00
1.752794810003826420e+00
1.753873478465287183e+00
1.754914890387191395e+00
1.755919420162293187e+00
1.756898487918554741e+00
1.757877128357361540e+00
1.758895663957906086e+00
1.760008521756570632e+00
1.761281520926571087e+00
1.770031967169805709e+00
1.761013357459987327e+00
1.757529621737349945e+00
1.754072858713012328e+00
1.751319545505588327e+00
1.749402217859314268e+00
1.748187442933852642e+00
1.748038208094283119e+00
1.752443326428717141e+00
1.728321040450016222e+00
1.732134218831280936e+00
1.737027463020804907e+00
1.741691747011844038e+00
1.745182089017577987e+00
1.746817606334232664e+00
1.746578208215501693e+00
1.745197301553023772e+00
1.743411333982189948e+00
1.741640284853259724e+00
1.740092140006266552e+00
1.738870754861290502e+00
1.738030910173061772e+00
1.737601648653672504e+00
1.737593789041390835e+00
1.737999925581366512e+00
1.738792620722025672e+00
1.739924903522329869e+00
1.741334743689135101e+00
1.742952485721894540e+00
1.744708512829270086e+00
1.746538356087661503e+00
1.748383944725037109e+00
1.750192208875595901e+00
1.751914309101199940e+00
1.753508677856701947e+00
1.754948069835583269e+00
1.756217507685831292e+00
1.756896685830085847e+00
1.757524972390439144e+00
1.758182475551555157e+00
1.758883669875562550e+00
1.759636147453607746e+00
1.760443911440602083e+00
1.761308899652421323e+00
1.762232925149526785e+00
1.763218664180211004e+00
1.764269064274184284e+00
1.765385786240444510e+00
1.766567945287677910e+00
1.767812107123108101e+00
1.769113534543899302e+00
1.770467797676082311e+00
1.771871670705385204e+00
1.773322812232124512e+00
1.774818591989105743e+00
1.776354956525075357e+00
1.777926095318335342e+00
1.779525020608133890e+00
1.781144040738671164e+00
1.782764294862559717e+00
1.784307521523166518e+00
1.786277086056539565e+00
1.787005053955111444e+00
1.788340745452763114e+00
1.789741461507189824e+00
1.791181667877651540e+00
1.792633199622363449e+00
1.794069383714120614e+00
1.795484581994989171e+00
1.796879263748788924e+00
1.798245440023762631e+00
1.799567167469093842e+00
1.800821655811257749e+00
1.801976898557077655e+00
1.802993204213747980e+00
1.803867421019348605e+00
1.804640384982761248e+00
1.809234306257966107e+00
1.796376066614745470e+00
1.784875262468015755e+00
1.792608032585727651e+00
1.733853829949046688e+00
1.722680904142914304e+00
1.713448599902558156e+00
1.704956392768881113e+00
1.696875613434755792e+00
1.689232443610660495e+00
1.684977411548035597e+00
1.727876692094000521e+00
1.672141911862285557e+00
1.664902570244044311e+00
1.669495582270610790e+00
1.672940931614518734e+00
1.650731361094586180e+00
1.650134450003662989e+00
1.660526049477255572e+00
1.684112105484579791e+00
1.682700066759574398e+00
1.645165886297236701e+00
1.639471900910442592e+00
1.641957796249860380e+00
1.654342041222801596e+00
1.665224493800294914e+00
1.658461827779049713e+00
1.649017109075932686e+00
1.644856473105543726e+00
1.642511226279841585e+00
1.640160146415095221e+00
1.637771804640874906e+00
1.635481096415939195e+00
1.633371985916379554e+00
1.631478635660395859e+00
1.629804936510848234e+00
1.628340181795024932e+00
1.627068851770740787e+00
1.625974837258250538e+00
1.625041699543586349e+00
1.624251509469281762e+00
1.623584543165817573e+00
1.623020727455196210e+00
1.622542134775618594e+00
1.622134963395539309e+00
1.621789750192080160e+00
1.621499791475562002e+00
1.621258928207472527e+00
1.621060138360974179e+00
1.620895682791051007e+00
1.620758440628836894e+00
1.620643315237476401e+00
1.620547655701143341e+00
1.620470421216480217e+00
1.620410711056783359e+00
1.620366659648547980e+00
1.620335359702358424e+00
1.620313724366133190e+00
1.620299578230420368e+00
1.620292184343596897e+00
1.620291879363275456e+00
1.620299131750424726e+00
1.620313701290033270e+00
1.620334446232670089e+00
1.620359833705723451e+00
1.620388726631720955e+00
1.620420874739858519e+00
1.620456796041884973e+00
1.620497182411848369e+00
1.620542274894212875e+00
1.620591632879153643e+00
1.620644412406005985e+00
1.620699910286073520e+00
1.620757973033085886e+00
1.620819001505172441e+00
1.620883585262668625e+00
1.620952050935865696e+00
1.621024240685411177e+00
1.621099649036091828e+00
1.621177788338103998e+00
1.621258508948538513e+00
1.621342058052293922e+00
1.621428861598908977e+00
1.621519205623749071e+00
1.621613045482560578e+00
1.621710061609795472e+00
1.621809899305527880e+00
1.621912409412305411e+00
1.622017723926685528e+00
1.622126130476697625e+00
1.622237851808142617e+00
1.622352891733964686e+00
1.622471047542639377e+00
1.622592064201303197e+00
1.622715810070475717e+00
1.622842350621527485e+00
1.622971879169239573e+00
1.623104566563338347e+00
1.623240441911505849e+00
1.623379384060730901e+00
1.623521219046129005e+00
1.623665845656172335e+00
1.623813299272563571e+00
1.623963715688432341e+00
1.624117229791956163e+00
1.624273885891216240e+00
1.624433620921665433e+00
1.624596325122963814e+00
1.624761930377788044e+00
1.624930461944828375e+00
1.625102021040905509e+00
1.625276717087919209e+00
1.625454601730033533e+00
