6.209379646852479784e-01
5.877468069696025754e-01
8.413277405105606954e-01
3.296356133333523619e+00
1.022098159314143606e+00
1.395610191207845352e+00
1.641215040085916232e+00
1.752123414286970160e+00
2.456203644279472798e+00
3.073503331732788890e+00
2.048198604379148691e+00
9.228993704953754929e+00
2.340460922105150221e+00
2.494283633879105899e+00
2.688078408212327464e+00
2.778639386057749405e+00
3.858086383896683902e+00
3.120735947050660375e+00
3.190452886412173061e+00
3.241947078259893811e+00
9.527560592348654822e+00
3.554990798498645077e+00
3.628080636263736558e+00
3.637797936242345820e+00
3.686178251407765671e+00
3.758692009023965053e+00
3.839123314120370889e+00
3.922267657115879214e+00
4.008710919113203985e+00
4.097930321627636374e+00
4.179459092429953948e+00
4.175775849452062261e+00
5.894621720117965147e+00
4.381520133135027528e+00
4.410159156450507822e+00
4.434504206609859445e+00
4.478329641824879914e+00
4.522339226399115120e+00
4.538969228561779978e+00
4.527510290940089277e+00
4.954784326563327568e+00
5.250638360047091169e+00
7.162940998332364195e+00
8.229167129964208627e+00
1.139844741851971399e+01
9.582913902302834686e+00
9.618959298609132347e+00
4.612683832734358447e+00
4.637988974244250606e+00
4.640547972964611745e+00
4.640994616928336924e+00
4.630251155471230007e+00
8.919302371871532742e+00
4.455262398950885050e+00
4.484960865182546108e+00
4.454084608178789040e+00
1.130208713541724919e+01
4.264959173332192321e+00
4.281787952036570033e+00
1.390344479408333989e+01
4.515005991233134175e+00
4.539309741497823403e+00
6.142530312181106638e+02
7.417171578654123465e+00
3.926904064608530476e+00
7.862029016883764321e+00
3.822773187046972776e+00
3.741013449249876111e+00
3.551106338630875658e+00
4.938860847855920611e+00
3.536138218402464783e+00
1.603324193058412206e+01
1.210238761484219161e+01
3.762511167368150833e+00
1.785480305939722143e+02
3.451575773177659290e+00
1.350657623895514803e+01
1.782128427519621283e+01
1.144106381210563050e+01
3.279562445180209007e+00
2.636919221731945484e+00
2.493683637631316063e+00
2.378820202349449353e+00
2.266245124941452360e+00
2.156085335957420579e+00
2.050404123491261110e+00
1.950360856634909767e+00
1.855718914930865493e+00
1.764814678120155689e+00
1.675506028643345191e+00
1.586714895828369665e+00
1.498992584227521352e+00
1.413839958781234474e+00
1.332871924832968569e+00
1.257490083840105077e+00
1.188950421487261266e+00
1.128551165333030681e+00
1.077868994827380300e+00
1.039264894021160179e+00
1.017610308877314962e+00
1.029126259811377730e+00
1.168099462519906595e+00
2.117468179120578942e+00
7.834694363264959271e+00
1.225471527622556209e+02
1.225818855846084299e+00
1.134049744210961164e+00
9.213498076719116581e-01
8.603843634924281947e-01
8.816590818833834886e-01
1.225164156830637952e+00
1.492872515880549589e+00
9.786937669259319073e-01
4.272164138182405146e+00
1.219911866393393662e+00
1.419549396697565191e+00
1.615869566675290914e+00
1.694878632873304092e+00
1.691427321802050354e+00
1.637464003349434760e+00
1.554735442175077642e+00
1.456924454714142447e+00
1.353192853533902840e+00
1.252204328107158204e+00
1.230709330399058832e+00
8.088033532775540380e+00
5.510476809989008018e+00
9.991476975873553323e-01
1.016764807771843415e+00
1.043895769914747085e+00
1.078356108349219022e+00
1.116993578232365225e+00
1.157437969466089234e+00
1.197122503600655863e+00
1.232776005978876599e+00
1.260291741131182475e+00
1.274829757151119347e+00
1.271070944220309196e+00
1.243669507737151125e+00
1.188140823514814981e+00
1.102642048031411415e+00
9.911792734422951723e-01
8.683622320121312521e-01
7.813280751190501139e-01
8.413454918880297839e+00
2.649793303128524791e+00
8.537562331162917850e-01
1.196110938119898881e+00
1.756927257492002736e+00
1.900211273186933170e+00
1.893222081677792268e+00
1.918977177699170200e+00
3.211809798582803133e+00
1.517636188291248800e+01
1.918610493421426089e+00
1.892249715655707876e+00
1.722843521843925974e+00
1.524049053356409722e+00
1.490841231234361741e+00
1.464024083652823993e+00
4.066395085915537777e+00
8.087338974796179514e+01
1.924822834215845990e+00
1.805341767466457581e+00
1.863077965285244053e+00
1.708913565357213171e+00
9.034041981709829416e-01
4.701013959972077494e+00
6.224694780925299256e+02
3.107083081319677587e-01
2.972264297920130249e-01
2.993975844156948063e-01
3.013265086232559398e-01
3.030228496814098005e-01
3.042501548304570869e-01
3.036754903039144415e-01
3.125442732704045157e-01
5.452059223891108086e-01
1.078593846259345401e+00
1.302820401322162036e+00
1.041129393066884123e+00
2.207782174475531267e+00
1.144339610831337950e+00
1.309913302325885764e+00
1.127646621061915599e+00
7.798820172119665939e-01
1.179158024586248033e+01
5.848934705402067946e-01
1.045490537913508655e+00
1.029801535394311740e+00
1.087231656632947852e+00
1.149791691014806272e+00
1.201778762839091241e+00
1.246266381575639626e+00
1.288459669140397112e+00
1.332642321553687337e+00
1.381906323888477228e+00
1.438358724420105261e+00
1.503256898321529977e+00
1.576965700377845003e+00
1.658728033173394234e+00
1.745674285781910751e+00
1.828435232345360539e+00
1.880356043859942927e+00
1.867951805603827120e+00
1.828288176771246221e+00
1.661790412025386132e+00
1.509425814580051206e+00
1.780159609433645329e+01
1.488740093189755198e+00
1.601788207974920830e+00
3.015596792858800868e+01
5.336318445238130259e+00
2.791254021002923302e+00
5.670981437753210841e+00
7.261191829762477568e+00
5.350538401573049718e+00
3.279413240225835580e+00
2.827253167237651521e+00
2.188668759109570594e+00
2.189151956308778679e+00
2.568206273862581046e+00
2.458505116961694714e+00
2.841046739920201514e+00
2.285787508061927653e+00
2.181018858071092303e+00
3.331877888076240080e+00
3.249633716928214344e+00
8.428534875540573523e+01
2.638897391561666694e+00
2.306736367117281805e+00
2.329026328891288689e+00
2.428375079785733082e+00
2.207013598787796127e+00
2.002593609935131802e+00
3.067663798155606614e+01
5.236786900084574370e+00
2.293677206057636653e+01
1.086653719381348360e+01
1.392356627075746545e+01
5.988034996111351482e+00
2.692151439214961695e+00
4.367214468604355915e+00
4.568004260679776607e+00
3.076114940389074626e+00
2.262780948394872738e+01
2.296178386829004836e+01
2.236335121212801536e+00
1.903825995979286034e+00
2.158701908796545776e+00
1.985403670329998205e+00
2.974681749965977318e+01
2.067767038163537574e+00
2.215545175049248527e+00
2.111349721096068777e+00
2.104753293183824425e+00
2.065247129361153622e+00
1.878388244341536062e+00
1.567426794549813929e+00
4.473124614254611053e+00
4.894555987467849434e+01
2.324691191601278462e+00
2.197626264092987114e+00
1.731515334273992179e+00
1.541224222399304900e+00
1.503049356569865935e+00
1.492765850998231336e+00
1.476816578028954163e+00
1.444476919149533911e+00
1.389688665422119218e+00
1.309735658196346630e+00
1.208878140614870311e+00
1.107482266437309404e+00
1.056513598372224028e+00
1.114345048710113417e+00
3.348331734789617542e+00
3.328658806356434496e+01
1.060205006768528690e+00
1.342723660092873583e+00
1.584235370027220036e+00
1.805730583957948721e+00
1.834023255550721210e+00
1.644326924210659513e+00
1.391035423104813651e+00
1.188691824091389737e+00
1.084050334558532391e+00
1.307227269290672345e+00
8.993613324768668704e+00
6.255159235794444328e+00
1.019564448925798672e+00
9.862669801120529378e-01
1.020443690814771376e+00
1.081289699162449214e+00
1.147186867260403531e+00
1.214054520954009231e+00
1.283273821133517067e+00
1.350248120907091343e+00
1.409351604978192452e+00
1.457579371319224437e+00
1.491461491631815406e+00
1.505841777378784663e+00
1.512141595501416136e+00
1.991921328554565385e+00
2.000533884913890503e+01
1.252051818608605815e+00
1.384717282960595153e+00
1.447737874876357855e+00
1.668832560407122800e+00
1.700595084585557970e+02
1.470708787354036318e+00
1.364679469704739745e+00
8.106070248987155225e+00
8.753842066781097886e-01
1.227600887314817868e+00
1.453784378654229048e+00
1.582899316587830230e+00
1.670166824923293047e+00
1.765656889597225110e+00
1.943046061536624070e+00
2.186591862450726342e+00
2.313195180963282915e+00
2.168379422590416272e+00
1.796100444820517117e+00
1.663928483631230248e+00
1.903764230145338576e+00
1.660335924043675249e+00
1.956702568033145573e+00
2.127633563886385915e+00
2.077430008792807037e+00
1.926342462696616131e+00
1.811433502267856488e+00
2.248572448198371099e+00
1.602187258648406853e+01
1.520063759371148571e+00
2.261543133461610289e+00
2.258513628733451295e+00
2.169409544568233095e+00
2.095570945145556419e+00
2.081010423047672475e+00
2.133191185171962267e+00
2.236332983308197964e+00
2.365159464501814135e+00
2.493044770509649677e+00
2.593586663364086942e+00
2.637572755759862719e+00
2.586523154867431895e+00
2.389725078458297514e+00
1.900345485605649642e+01
1.657054505620899842e+00
1.669973540968179515e+00
4.261443494932096065e+00
4.129296070099441351e+01
1.860715284408734016e+00
1.488779699181326022e+00
7.569685136300425832e-01
5.328504273987564321e-01
4.597219824623702822e-01
4.200934197389989411e-01
4.144558178931244674e-01
4.376292870174077754e-01
4.625747394879034524e-01
4.694699876930741311e-01
4.686648462136863702e-01
4.859569832134119638e-01
5.277640068734097412e-01
5.771565999321028873e-01
6.128347320923932529e-01
6.206502490905682068e-01
5.985170398675263570e-01
5.561142689691361829e-01
5.096174106073175780e-01
4.739030778083096473e-01
4.551526617039859945e-01
4.502159458220285626e-01
4.547513554425173798e-01
4.677164614921071606e-01
4.871636367367966347e-01
5.072155620444666058e-01
5.204823235219768751e-01
5.219202413023008580e-01
5.110256280291796127e-01
4.916285967537073476e-01
4.697657258916808076e-01
4.508677462422709947e-01
4.376624481712430015e-01
4.299225989523363101e-01
4.260955254044469509e-01
4.251136949360029837e-01
4.266699071188133074e-01
4.302616129858828908e-01
4.345228316796639900e-01
4.375839563356301865e-01
4.379871165287974599e-01
4.353755806441058085e-01
4.305570313203809785e-01
4.249950270964655830e-01
4.200660051278327090e-01
4.165009519209719180e-01
4.143005825713135248e-01
4.130893037042384641e-01
4.125559791740283089e-01
4.126212391624674014e-01
4.132839391677229357e-01
4.143925103894053885e-01
4.155887320565989085e-01
4.164585829924259408e-01
4.167471870440071502e-01
4.164782023176700765e-01
4.159125516760748265e-01
4.153904337025507987e-01
4.151626158403409206e-01
4.153093132830963929e-01
4.157770213163347606e-01
4.164805595276450667e-01
4.173816445315415846e-01
4.184935412269226718e-01
4.198335187796971013e-01
4.213835015571967824e-01
4.230984358649783617e-01
4.249533047791910212e-01
4.269896033977431116e-01
4.293283141799807412e-01
4.321454305574630728e-01
4.356334888152405549e-01
4.399810812244280833e-01
4.453894027875825445e-01
4.521221439326549851e-01
4.605700129771527207e-01
4.713144323251783896e-01
4.851919783344737502e-01
5.033772849387098125e-01
5.275064949080464638e-01
5.598573299552308535e-01
6.035948291820444345e-01
6.630895178842211024e-01
7.443085747254284401e-01
8.552352399457798793e-01
1.006098699357518944e+00
1.208704296084441632e+00
1.473058662357076054e+00
1.798048545208766225e+00
2.155100416002664332e+00
2.486722748212510936e+00
2.889513508696732735e+00
5.316071035336324968e+00
4.429119280281913262e+01
2.981153238311808895e+00
1.884720272653946926e+00
8.651275755977594351e-01
4.861668296665148659e-01
4.402485429464830791e-01
4.464830687343046001e-01
4.936838472989646953e-01
6.188086548251431340e-01
8.040666203261727096e-01
9.623433475951346239e-01
1.006953139475001091e+00
9.288666016295583638e-01
7.957401415648249765e-01
6.789578613374535054e-01
6.021175649027548094e-01
5.537008695329643793e-01
5.198724621202056584e-01
4.954787781398927171e-01
4.796319329959191635e-01
4.709683080743835015e-01
4.668543721716933437e-01
4.651742877480175564e-01
4.656065083067175703e-01
4.686795255282237282e-01
4.739679495417500887e-01
4.795728905202717440e-01
4.831939229015304038e-01
4.836055862976699204e-01
4.813270833615928002e-01
4.780635605713519642e-01
4.754880379199220020e-01
4.743623835218335194e-01
4.744997327288080768e-01
4.753126625367997682e-01
4.763950655325491224e-01
4.777543028426955440e-01
4.796502281362274855e-01
4.822696786937388236e-01
4.855142338772844290e-01
4.890359130533251664e-01
4.924690296226895136e-01
4.956834853413573105e-01
4.988880597525882643e-01
5.025446223048113392e-01
5.072010966688567102e-01
5.133844494498680522e-01
5.216165067815968781e-01
5.325201814560182045e-01
5.469479148488171072e-01
5.661044681761188135e-01
5.917136480765486928e-01
6.263289801984638361e-01
6.738832691999967484e-01
7.405353592371347604e-01
8.358221172307880309e-01
9.739751453791478664e-01
1.174638604266982522e+00
1.460056925081299806e+00
1.840437621285594183e+00
2.274526294983909125e+00
2.614606501954672702e+00
2.589626657685058841e+00
1.146758963406022902e+00
4.185242558354556763e+01
2.692577862449347048e+00
1.460686863558742443e+00
6.604965260128956572e-01
5.480949571252330399e-01
5.677436929644222863e-01
6.479164166745953191e-01
7.923169304263248947e-01
9.874984922922762642e-01
1.148531465648667593e+00
1.090951198988014514e+00
7.856330381346658953e-01
6.808371736988116929e-01
9.891278951001017949e-01
1.742359210578478201e+00
2.782351200450548401e+00
3.234710763080109963e+00
3.324523188984618738e+00
1.455304524756050544e+00
1.882195221701238452e+01
3.544633139955093437e+00
2.717374143075318660e+00
1.333305613620755503e+00
9.107776395511604228e-01
7.860527581305652989e-01
6.238802310157661735e-01
1.231158035167400744e+00
2.145885699702821281e+00
2.308445949147771792e+00
1.653713367408608192e+00
7.342100745016202357e-01
7.086552294447849842e-01
8.958496888133159475e-01
9.383917888506961846e-01
9.189829499355239850e-01
8.306720584788150896e-01
6.756522602666170663e-01
6.451294825938703736e-01
8.286414239310851970e-01
9.245679736107624835e-01
8.270620683227454251e-01
6.855327166401874450e-01
6.392788745194982747e-01
6.477167974982560583e-01
6.552423096598727348e-01
6.570929997722662064e-01
6.585245506876897803e-01
6.611565556809635424e-01
6.643029235082552608e-01
6.668450998790205198e-01
6.684502323889741637e-01
6.697462756923141525e-01
6.714729522180766796e-01
6.738986073794341891e-01
6.769322603888856538e-01
6.803836611195646089e-01
6.840732714601445164e-01
6.878563148824740070e-01
6.916353709386623416e-01
6.953680453381085869e-01
6.990611958709753715e-01
7.027531581960138052e-01
7.064922599868659336e-01
7.103193455806713352e-01
7.142577499578925959e-01
7.183103589799497701e-01
7.224622694804562206e-01
7.266883603295747340e-01
7.309656672846193137e-01
7.352898693165744737e-01
7.396941732649050527e-01
7.442682743349033903e-01
7.491748235007776868e-01
7.546608503510540134e-01
7.610631512770921203e-01
7.688123174062831966e-01
7.784510201677783403e-01
7.906948403047100449e-01
8.065715769430821247e-01
8.276779709216208758e-01
8.566098063238872795e-01
8.976861006572979251e-01
9.582324500777528176e-01
1.050933965589505581e+00
1.198114223298891057e+00
1.439048083862469740e+00
1.840070018142882846e+00
2.496114053048075654e+00
3.464158476731316050e+00
4.491004686521268496e+00
4.541892418557516464e+00
4.150894310304085622e+01
4.980647313358650408e+00
2.878352997096298438e+00
2.677316418958780808e+00
4.595881494386796717e+00
7.916894424564692834e+00
6.675468304601542613e+00
3.544905017723286811e+00
1.915287313180424000e+00
1.165109791449546517e+00
9.002445161372261140e-01
8.850103088630146830e-01
9.609406750626294791e-01
9.968594961961121381e-01
1.051696045161455428e+00
1.220718540226910509e+00
1.518163663728662405e+00
1.922176889702139846e+00
2.259889360314058848e+00
2.302183365568194695e+00
2.079897929136648393e+00
1.797262898888896787e+00
1.498553602607760604e+00
1.156090608566057165e+00
8.832408343649510440e-01
7.689882876331753936e-01
7.793070957664621767e-01
9.116098468918022446e-01
1.131898554874158025e+00
1.342663921574173802e+00
1.503607967358399300e+00
1.631049585852932804e+00
1.741055431021578448e+00
1.802153322288450488e+00
1.697689874165607016e+00
1.433618130232811927e+00
1.613352556677477789e+00
1.884723953738343116e+00
1.827860579858612944e+00
1.743014337532935443e+00
1.524995721817532512e+00
1.305685157594183021e+00
1.269101056878653377e+00
1.534907824077594407e+00
1.783112347586964352e+00
1.457049443542907552e+00
1.095469827385678441e+00
1.895716753319772296e+00
2.178200589786211783e+00
1.297059658380661062e+00
1.208053219801350497e+00
1.782201857468042938e+00
1.191322529677571573e+00
1.296219361898397482e+00
1.783991643309730701e+00
1.374886215161369440e+00
1.161390776439756412e+00
1.457429959995768298e+00
1.260075865206370160e+00
1.486326489961804942e+00
1.804083418424491603e+00
1.496928541979227756e+00
1.002195709594888129e+00
1.059586916223361097e+00
1.015768077167742867e+00
8.960053753046516301e-01
1.040536398825253395e+00
1.050410222643145985e+00
9.722218770256221276e-01
1.033537949654229404e+00
1.097019952240668061e+00
1.180266026118877765e+00
1.307657477224003051e+00
1.312784514739744113e+00
1.158492946811638502e+00
1.002233311583996755e+00
9.490991618361382942e-01
9.333404877281289425e-01
9.034609908459702021e-01
8.832734105967189331e-01
8.913603963780624140e-01
9.033821693002451747e-01
8.997343040243241941e-01
8.881978251915125799e-01
8.761320881109001535e-01
8.569756105218039322e-01
8.251350245122185401e-01
7.845993393459265164e-01
7.473042451698558297e-01
7.352165532368828416e-01
7.493165440869294924e-01
7.503979364663360130e-01
7.214795485872735892e-01
7.018329520368333796e-01
7.174800477412781596e-01
7.340082801644230992e-01
7.312586196661319260e-01
7.250251439090054095e-01
7.249108198291173144e-01
7.328486949725865340e-01
7.411224500054562903e-01
7.363426259392528150e-01
7.266066389556956606e-01
7.257339825685230617e-01
7.395371601797036121e-01
7.781476503549632495e-01
8.338518322840189345e-01
8.897054966413662225e-01
9.565769166748114838e-01
1.061613696962549591e+00
1.233128387957780348e+00
1.493235429014896809e+00
1.841116658365229197e+00
2.210230871607616887e+00
2.293243349345128745e+00
1.553806644990619823e+00
1.394089319752568557e+00
2.466494513523647125e+00
3.014880605490525944e+00
2.995662340508988830e+00
2.439381737913822956e+00
1.457019605734312773e+00
9.422809284074666891e-01
1.673492896311144396e+00
2.287768787362129963e+00
2.703018658592144963e+00
2.924385177932359969e+00
2.807979588175359087e+00
2.313160497699002782e+00
1.912550685978341436e+00
2.344026271043618159e+00
3.068590714533086405e+00
3.512829207825419076e+00
3.489654716915238097e+00
3.255621575528996114e+00
2.388604738821589191e+00
1.780722378149959706e+00
2.636095941328933545e+00
4.134026684580792477e+00
3.752786268665775360e+00
1.850722714023077309e+00
1.585921484654628566e+00
2.039600717897431803e+00
2.283992363384663271e+00
2.145683094380844924e+00
2.039907094465919002e+00
1.193904876246106861e+00
1.738441719958463860e+00
2.040925183175172020e+00
1.976010505035522113e+00
1.698688216175323173e+00
1.298379307812516981e+00
1.316245294130081733e+00
1.639793724309295264e+00
2.012850915904713656e+00
1.787109917296333617e+00
1.264484854618009191e+00
1.310074221318186627e+00
1.474914459340170403e+00
1.590850837138175100e+00
1.555168500157682487e+00
1.475733152590957831e+00
1.279294093646827335e+00
1.335265865762567117e+00
1.465796970337267968e+00
1.377123600376388035e+00
1.325610018845146953e+00
1.307946307361090854e+00
1.397389731638459365e+00
1.463716451845036071e+00
1.470689555034565998e+00
1.341773016413543962e+00
1.299913672270949228e+00
1.345105017826258020e+00
1.351314192865704200e+00
1.345301422566574923e+00
1.326201873961563527e+00
1.340464127434297437e+00
1.382493237198051617e+00
1.440283867613849855e+00
1.421263584965365645e+00
1.378519674449027566e+00
1.381131296390758489e+00
1.406585355032188733e+00
1.429739421039259994e+00
1.426591975760139075e+00
1.430522017055099848e+00
1.458981428206686859e+00
1.502918821896436885e+00
1.505542492648915598e+00
1.478705251297257606e+00
1.464095566203692966e+00
1.467117752581639234e+00
1.470181064452139807e+00
1.457598345799953288e+00
1.445226875482608531e+00
1.445739976357510059e+00
1.454607399427363390e+00
1.442806925969762011e+00
1.413451058681303607e+00
1.389380410531173338e+00
1.377437684883557445e+00
1.366223224769386624e+00
1.347202794938184178e+00
1.330413730866467414e+00
1.323765579817721916e+00
1.324018554726128727e+00
1.316910020071619503e+00
1.302037948017995550e+00
1.290631361152395185e+00
1.286790198052802703e+00
1.285312495348137851e+00
1.280343209638829194e+00
1.275338180306056390e+00
1.275077387306517540e+00
1.279549633606931414e+00
1.283237181091308132e+00
1.282691529179012191e+00
1.281953538248836066e+00
1.284062386366978448e+00
1.287802359890418913e+00
1.290224675578403257e+00
1.290889473814379018e+00
1.291564648093443513e+00
1.292403925144867793e+00
1.291762662116610727e+00
1.287796656275843166e+00
1.281692381301056116e+00
1.275136786746597028e+00
1.268362574520046193e+00
1.261447418163451850e+00
1.255044009980052833e+00
1.251073286079244840e+00
1.250649297726764253e+00
1.252627589965978006e+00
1.255806760202002215e+00
1.261786180950608793e+00
1.271100664123012480e+00
1.282241325687830891e+00
1.293923608086990029e+00
1.306558939818077691e+00
1.319913479096048281e+00
1.332202410564733874e+00
1.342416669141469843e+00
1.351597095385009828e+00
1.360193064483471215e+00
1.367813578700704191e+00
1.374542926933850939e+00
1.381015414684940490e+00
1.387371444428423972e+00
1.393323274348987395e+00
1.398936000955359082e+00
1.404804389727101421e+00
1.411263702128229491e+00
1.418256137865948840e+00
1.425690214717656668e+00
1.433642496814006240e+00
1.441976476769980309e+00
1.450254275413212390e+00
1.458214791991762072e+00
1.466011677031358040e+00
1.473741953230295776e+00
1.481292558877757681e+00
1.488593236238728634e+00
1.495728597378389146e+00
1.502692085578694714e+00
1.509333588618782418e+00
1.515592559335314116e+00
1.521620087057972137e+00
1.527554544496099620e+00
1.533397745569044845e+00
1.539115741011371385e+00
1.544748312916861988e+00
1.550310691148861331e+00
1.555724255654425514e+00
1.560963343360517230e+00
1.566180118709772584e+00
1.571526766815106058e+00
1.577012733250264143e+00
1.582642465874506410e+00
1.588567063350010411e+00
1.595039258154803408e+00
1.602511406548878359e+00
1.612100589722243127e+00
1.626334946805946258e+00
1.650653575688231456e+00
1.697645950735038989e+00
1.798510518386601253e+00
2.027801235789135514e+00
2.501098508414864252e+00
2.996886654491703439e+00
1.858058484276344791e+00
5.923668884031481063e+00
7.720506057919644505e+00
2.271121028846118328e+00
2.879166005493631886e+00
3.593536251797399217e+00
3.695954435556359385e+00
3.430762003455127385e+00
2.079192511936616139e+00
3.348810777353018242e+00
5.119025092237818875e+00
2.440895346292729418e+00
2.298347915383538886e+00
3.048881904510166940e+00
3.145917714639066443e+00
2.532838373918259833e+00
1.809878237178476290e+00
3.355711910469186599e+00
2.858760598953896448e+00
1.883195966623383955e+00
2.347153207949383091e+00
2.551584338960149800e+00
2.361045556449214100e+00
1.798956616554696852e+00
2.200939077995705428e+00
2.490334675344833215e+00
1.819438379795756067e+00
1.971741429152009450e+00
2.164757859079969649e+00
2.066858253822116520e+00
1.791811693540442230e+00
1.799647684577009743e+00
1.968279118658323057e+00
1.783586386087972597e+00
1.850889271911978051e+00
1.955621215792943568e+00
1.868373084845629251e+00
1.765642324994571410e+00
1.743720687489132892e+00
1.740846860659646334e+00
1.727196041758614964e+00
1.812901456915616993e+00
1.854890653839100345e+00
1.775107140354084567e+00
1.727528185532835270e+00
1.725707851204717036e+00
1.682125833222878564e+00
1.678027917232257638e+00
1.749466442160112045e+00
1.769622857249464776e+00
1.720198941081532595e+00
1.705001345157734161e+00
1.721900686034901540e+00
1.693138445517588853e+00
1.695898033301439067e+00
1.746416871729284725e+00
1.761372196877053931e+00
1.744132645181543539e+00
1.771716079111270936e+00
1.862378586406887138e+00
1.973253958412254594e+00
2.143351615668423804e+00
2.463057058067844807e+00
3.010396329797935699e+00
3.368021202641571232e+00
1.670342617467409951e+01
6.230883416855141910e+00
6.081006495018435487e+00
5.388360909642241126e+00
5.711182469008920570e+00
4.185631829538110082e+00
2.630723837304226986e+00
3.362381577713612568e+00
3.189578566380399938e+00
3.580166938140771027e+00
3.126421820845224797e+00
2.274591432531803736e+00
2.192832355407474232e+00
2.513407171538064588e+00
3.030848416787057076e+00
2.483131795452520496e+00
2.917419103617776344e+00
2.733499731743369132e+00
2.687357522164027124e+00
2.956873762555847218e+00
2.971890450168633624e+00
4.165901380124074294e+00
5.901901646847010241e+00
2.786673438186420881e+00
4.065934856379011109e+01
5.369523705693829640e+00
7.675240295698261939e+00
7.476456982413097307e+00
7.785331230052094931e+00
7.059457114577141645e+00
7.862424406275531297e+00
8.468735759543579888e+01
5.056840442445080797e+00
3.389495070313892189e+00
3.147957659425437260e+00
3.158701551025823395e+00
3.657817067297068458e+00
4.009056193223909936e+00
3.514592173805944686e+00
3.444086010909509721e+00
3.983818275287315913e+00
5.609598142961051970e+00
3.300831710400277341e+00
1.639406763622257657e+01
2.394042496501017681e+01
5.818075167980230056e+00
3.814067743243262143e+00
3.719476786404935176e+00
3.773820416864351657e+00
3.747447870605664200e+00
3.724894585209133524e+00
3.792992503876034593e+00
3.733278699574506199e+00
3.521905956656396164e+00
3.417231185589091780e+00
3.388330373635442871e+00
3.347691688552743905e+00
3.413934596158056056e+00
4.052258316073979572e+00
5.912957388281755655e+00
5.119177042924938803e+00
1.803582366217712263e+01
3.121646749912617480e+01
2.290206512313118594e+02
1.005869300206744299e+01
6.689430807384103339e+00
8.164476843429829600e+00
1.280910763835030863e+01
1.042571418774591763e+01
3.643715025808679542e+01
1.165022717381458328e+01
1.095308465749653415e+01
7.842215281754628009e+00
1.461933469511830275e+01
7.641717407936115869e+00
6.743583538644126740e+00
7.124412457888526617e+00
1.753714166240847874e+02
1.701404225905266543e+01
6.548268997564905547e+00
7.563868367066298504e+00
7.565105729908547794e+00
7.357220972631341560e+00
7.172637161857738697e+00
7.011979146377776750e+00
6.858630146589405285e+00
6.692319325234030281e+00
6.504883055744687503e+00
6.304880218061954089e+00
6.106963597363620266e+00
5.923264307384431326e+00
5.787889210301068843e+00
5.852167585129433469e+00
6.571753945427905919e+00
2.830186460976518674e+02
1.753467530166853550e+01
8.725025010332092990e+00
7.355689843507065895e+00
7.296622227243438452e+00
6.539919900430703592e+00
6.258242317960150736e+00
5.986977047973161881e+00
5.757593023833208257e+00
5.712895081499320682e+00
5.808886942922875107e+00
1.355927341310442387e+02
5.476781906409315503e+00
6.685819231235049287e+00
2.060324583305901314e+01
1.862363622491805515e+01
6.401383568487294617e+00
5.362851648499981749e+00
5.253437202850724574e+00
5.192490726393428346e+00
5.188945681644512753e+00
5.188433933500872897e+00
5.172323287623334487e+00
5.138142356505876585e+00
5.107599502312413442e+00
5.111748418326172327e+00
5.149264931095787645e+00
5.164766490332730164e+00
5.105433026429274435e+00
5.004583908782355373e+00
4.891914946725135493e+00
4.701277246774796303e+00
4.388129808769706486e+00
4.665956438108199933e+00
6.150613937256783181e+00
7.644805387836609611e+01
4.744534612574129895e+00
4.747947984493823270e+00
5.987038304472439343e+00
8.452621938001879442e+00
1.634693822696427645e+01
4.529331788034116180e+00
7.309162847942666019e+00
4.736292282329517711e+00
4.545027642224126474e+00
4.737173315738163026e+00
4.827474332395683021e+00
4.845496922101577120e+00
4.839792301683015552e+00
4.824569499016222451e+00
4.800636978102523322e+00
4.769707298054945532e+00
4.734692307443828518e+00
4.694140423870241996e+00
4.639014179842743779e+00
4.565651684509611563e+00
4.598112870658366269e+00
4.845046375168998942e+00
1.095394026020178480e+01
2.260640635769461682e+01
4.202315837061496140e+00
1.271055860273831328e+01
6.310779098067792248e+00
5.123607688085760614e+00
6.018971967531934197e+00
6.044217556199571462e+00
5.220736360856671254e+00
5.210412021566389384e+00
9.650777027397714036e+00
4.099583885537922079e+00
4.809977239972623053e+00
5.378724726289536129e+00
4.747813989415119451e+00
3.507647587083797536e+00
7.047775748240405314e+00
4.498159487010299884e+00
4.138017612564103054e+00
5.287662349927902739e+00
5.037101070893713839e+00
4.065191571034753260e+00
1.371895457425443432e+01
5.765512031372914237e+00
5.716674165705532218e+00
6.779302929360532026e+00
6.313109974673658087e+00
4.463535773480098889e+00
1.220241957076598815e+01
3.224839312045968853e+00
4.877355960616649000e+00
5.151168713870966975e+00
4.672854607888941914e+00
4.224579738157738795e+00
4.967242747890516341e+00
4.576241813305998996e+00
3.878557599792841426e+00
5.116951488955569616e+00
4.885301988640447846e+00
3.678893072169929557e+00
4.519913358562877015e+00
3.814962775944129802e+00
3.536964860600863236e+00
4.093401404015937217e+00
3.644708906758426625e+00
2.739283842264430113e+00
5.207166508737442356e+00
3.094807748277846216e+00
3.551256659038600993e+00
3.616154721798380045e+00
2.631915000293290952e+00
3.879546728463596494e+00
3.015930955791168877e+00
2.738232343301520988e+00
3.311834819868215707e+00
2.730899936789264348e+00
3.006291787509783653e+00
2.825777614424525908e+00
2.312358233390065188e+00
2.772856873396468025e+00
2.591007052715561976e+00
2.272631404881578998e+00
2.610542935367872186e+00
2.403535085292253903e+00
2.546174025122780904e+00
2.554521303832450130e+00
2.177770024822795136e+00
2.354927139760087496e+00
2.244626431817586365e+00
2.190022127174219069e+00
2.323660079070467344e+00
2.126959254956253265e+00
2.246033539957311032e+00
2.216724798978890743e+00
2.077791912364379101e+00
2.193031697018516635e+00
2.089061615227922442e+00
2.083033933145594929e+00
2.104620255497665848e+00
2.066235177400527867e+00
2.201185142736339806e+00
2.274944775327726987e+00
2.615082213504714481e+00
3.795998726785339006e+00
7.138566338784949394e+00
1.690865511783879072e+01
4.236350096139436694e+00
4.604676788720719394e+00
4.116890782899678136e+00
3.389165514494096421e+00
4.550011990700703279e+00
4.783229712744295981e+00
5.453699897783791606e+00
5.662230776592107162e+00
2.550202695884237585e+02
5.855350408094738945e+00
2.653114632418716923e+01
6.103398746697803467e+00
6.719293628529154461e+00
4.599461588601572259e+01
1.165437997209341248e+01
2.155191494407177899e+01
4.239223649209395006e+01
5.545410882964116439e+01
7.603833133527696297e+00
7.555442342574341552e+00
7.475374979847554613e+00
7.869446056450034810e+00
1.028280485571572989e+01
1.180591846639100417e+01
1.361102611596928824e+01
2.430237028538340738e+01
2.855887529167761230e+01
8.764506662084958322e+00
8.730311803630664613e+00
7.577941666528845488e+00
6.595245691267813903e+00
9.595395967093677925e+00
1.779282840202992944e+01
1.070083467879852712e+01
2.139616375349066146e+01
8.762559081637895986e+00
1.042450082845507531e+01
1.111696992712142240e+01
9.807248802676448918e+01
8.069897710735657981e+00
1.092916765508537047e+01
1.297227170469610158e+01
1.137681152984258759e+01
7.328821475395064233e+00
6.043214147569945460e+00
6.864282347701581521e+00
8.240985546077949309e+00
1.209491650208412139e+01
3.764725537872747196e+01
2.086620233279066952e+02
9.817155000712512347e+00
8.161565425949493857e+00
7.312710873892833696e+00
7.715444955832734486e+00
7.166113326149232243e+00
8.473399090786740473e+00
1.170123257000274997e+01
1.583421971912321879e+01
1.182079469754325629e+01
3.434538427837964036e+01
1.300867840597241525e+02
1.669718017983416303e+01
1.504039197306306086e+01
1.432412028232042367e+01
9.116682848382399840e+00
7.515910835328108774e+00
7.860209953383050951e+00
1.087339677011255112e+01
7.844138290451302176e+00
2.252632152647745656e+01
7.889586338196726167e+00
7.728745688771589961e+00
7.625684190269797824e+00
7.824806554710677098e+00
8.129750435073072268e+00
1.272213584524601337e+01
2.768432272001896521e+01
6.218357106337931484e+00
7.043179444634080077e+00
7.489419488553050286e+00
7.008037111793675500e+00
5.020799690729931264e+00
6.563766876782766602e+00
8.728545958125295101e+00
5.639395415890268382e+00
6.154646937907583215e+00
7.379978593457678038e+00
5.056575004397536155e+00
2.141329843199013183e+01
8.420589990066105202e+00
6.706192180417446913e+00
1.104526890211477941e+01
4.644699572899272155e+00
6.630775910757502167e+00
5.906411400442759252e+00
5.236422628420357661e+00
7.696700202944132485e+00
3.624738871264982976e+01
4.093313287416036133e+02
3.497626490097127316e+01
1.728005793742983087e+01
7.280567465820414697e+00
9.786926053580119245e+00
6.006707339476647256e+00
6.262190977699439109e+00
1.537161208357498765e+01
1.531970091751690966e+01
1.743803283480885469e+01
2.602092135720339527e+01
9.024496395461474307e+00
6.714195201296751847e+00
6.343503921582092531e+00
6.701688492129560970e+00
9.996321111177097762e+00
2.610369608619688364e+01
1.430853793017745659e+02
6.080815602055956504e+00
6.221216277946413520e+00
6.486719812375288718e+00
6.977512394265449558e+00
7.599335055356716495e+00
8.107416660840272016e+00
8.332038169378314763e+00
8.280769305641571876e+00
8.041131364050158936e+00
7.742046596856530627e+00
7.515696344286577180e+00
7.385414770519434846e+00
7.272107815422979016e+00
7.121598087834744462e+00
6.962064306218131549e+00
6.820727595962503109e+00
6.684934279291042891e+00
6.549359570439260203e+00
6.423847512973726914e+00
6.313067650198368241e+00
6.209910841985739616e+00
6.103996416269577452e+00
5.997977045766792692e+00
5.913704019943320844e+00
5.865406278972550957e+00
5.849626135342300692e+00
6.009036553719529827e+00
7.174486776177235292e+00
2.266495620847940629e+01
9.917060428838302855e+00
9.346073324775408864e+00
1.800099846195992370e+01
5.102962945750756596e+00
7.681922962366048324e+00
8.525132987862827250e+00
1.975784179773845892e+02
6.761277115639616753e+00
1.840896199451382742e+01
1.473424242067772738e+01
3.475038474624101070e+01
8.113868347569027861e+00
6.483364124694254826e+00
7.592647859355265538e+00
7.317446376034526523e+00
1.241414765729626524e+01
9.132648353355167004e+00
1.064831176077989205e+01
1.838998721764015087e+01
2.788391200539496850e+01
8.558200735818923377e+00
1.896358210971688862e+01
7.755739275076644290e+00
6.299163012975737885e+00
6.355232053601958420e+00
9.918112470609377951e+00
7.526911935258603137e+01
7.642551752017223698e+00
6.431185274923275408e+00
2.807870118248726499e+01
4.402141677420867438e+01
8.720346630419586020e+00
8.587503864383798202e+00
8.634007781089664491e+00
9.683723526175066709e+00
6.479231425775425102e+00
1.022796034082149141e+01
5.869330418881811617e+00
6.270816832030080334e+00
7.925410621023270430e+00
7.872134122400994194e+00
2.961539318482214611e+01
5.678063764266265707e+02
7.199242193159218317e+00
7.310535113913916305e+00
9.397357461209230323e+00
7.134646307984027658e+00
8.465027972843836679e+00
9.820960628182982433e+00
1.068085334445999557e+01
1.248704109817603758e+01
1.578277270665827814e+01
1.565611566608602878e+01
1.829709003640323317e+01
1.258538594236282826e+01
1.009413975529607477e+01
9.345231985941847341e+00
1.072002791048210391e+01
7.867160805969869664e+00
9.056932526271886275e+00
6.487085433106385857e+00
3.222556542194753604e+01
4.487264101595382044e+02
7.812066876372805169e+00
8.884244235677689616e+00
1.627507315929099718e+01
1.032909445830639328e+01
1.432889264703152676e+01
9.813248215332672331e+00
2.755460446644711325e+01
5.417399213312709350e+00
7.472310514313281971e+00
7.996757694380757009e+00
8.044523643570556715e+00
7.227210442521159628e+00
6.576389630340776726e+00
2.390556058184968791e+01
1.535975789311044259e+01
8.888941862060702803e+00
8.933935275288117595e+00
9.244693008608534157e+00
9.592966747950471884e+00
9.496946763702110772e+00
6.622561588451398862e+00
3.825959579691871681e+01
8.432053103003152472e+00
9.685658655798167871e+00
9.421840953160289800e+00
9.402852260921681804e+00
9.570285040089448358e+00
8.241067955847292126e+00
2.893559098891535797e+01
6.088905245697289637e+00
8.335591218473634711e+00
8.534987783510841197e+00
7.161347231532181112e+00
1.499552410590796470e+01
3.300287234940304160e+01
4.441731870187346232e+01
8.076409658716917406e+00
6.308716512308004454e+00
6.292272419375218639e+00
6.307378845224568487e+00
6.311716964445530209e+00
6.308132988415833253e+00
6.300686083788582081e+00
6.291701068795391372e+00
6.282177414612504229e+00
6.272797318273634737e+00
6.263764194485105463e+00
6.254053810392043999e+00
6.241673675656249642e+00
6.225066899089232386e+00
6.204238501583253296e+00
6.181890202694734882e+00
6.213353499165302551e+00
7.819782790139917061e+00
1.047737695342428488e+01
1.165431684159391779e+02
7.605807073497789617e+00
6.897465296602026896e+00
6.893821021842057917e+00
7.002381000117019028e+00
7.142852652486078924e+00
7.355759018621404799e+00
7.829548293893989985e+00
9.012392626014147368e+00
1.082652501825426228e+01
2.559173479008182639e+01
7.756149054139257260e+00
5.528682514292854400e+00
7.058178881296380780e+01
8.725428607548172621e+00
7.523492824542516111e+00
7.554255291503019443e+00
7.722015271332321795e+00
8.105700807666751828e+00
8.550684274152061448e+00
8.706579677086406122e+00
8.426262544199904170e+00
7.927349124863991570e+00
7.560729243884202866e+00
7.455673593029044532e+00
7.624691926865378555e+00
7.611182124088656131e+00
7.211062603230228518e+00
1.415163312807175977e+01
1.031892597577496673e+01
5.864880803575129420e+00
1.823980497192801238e+02
7.596061333619823941e+00
7.288823359227612819e+00
7.354004349429316356e+00
7.600136354403544736e+00
8.051874798673011924e+00
8.408803670032831690e+00
8.202775844022601959e+00
7.740462157648954289e+00
7.454967463685739482e+00
7.450362196101186107e+00
7.717655679346141717e+00
8.468508569643915962e+00
1.074627571997191389e+01
1.447377746446374758e+01
1.211765481713777248e+01
1.924022425163208538e+01
1.118776326023759182e+01
1.613385063037209832e+01
1.922864544791020691e+01
2.819392819297833626e+02
8.647914047127931880e+00
1.731735057084047469e+01
8.814265275789944099e+01
1.372508648376290807e+01
1.899463483516798590e+02
3.002066472873084990e+01
7.782015325205847489e+01
1.117274600233601944e+01
1.271482669621374129e+01
9.599467713564566296e+00
9.097988291654358406e+00
9.640448069532588704e+00
1.174453258396266619e+01
1.276480363455160472e+01
1.244255311397274788e+01
1.098519905801110674e+01
9.372286507137049583e+00
1.009949165858489195e+01
1.232765075626929807e+01
1.649735451741361771e+02
7.573328027566603282e+00
7.805833930006013333e+00
7.661849052832899964e+00
7.981033406505422256e+00
8.213253925248249487e+00
7.933396604283103670e+00
8.803517779953338618e+00
1.296245688910185478e+01
8.137778503764879190e+01
8.542121650642696906e+00
8.140278164211844469e+00
8.221149855205807100e+00
8.288909085570084656e+00
8.317574031163520232e+00
8.292678214312582341e+00
8.171959658467230270e+00
7.935103203411189909e+00
7.658405653467657892e+00
7.452093520262003778e+00
7.281148016700880632e+00
7.044243128584589009e+00
6.765117420791566971e+00
6.676927704003112751e+00
7.637766676731892801e+00
9.084865588253173030e+00
6.021559177840348553e+01
8.905303053461134155e+00
5.990848355211401355e+00
7.491857053115626996e+00
7.242849478667996443e+00
5.795932152505186785e+00
6.565023483658978698e+00
6.830193032056184776e+00
6.310694793319379770e+00
5.726875360802984538e+00
6.486253798027544981e+00
6.139175965862643025e+00
6.128637762223672958e+00
9.980535064624717734e+00
7.179606559476107819e+00
2.328321497348526492e+01
2.737621000344206124e+01
2.474010980445525476e+01
1.159461886929550722e+01
9.963841136470767523e+00
9.479297207734243003e+00
1.152841912802541380e+01
1.030193608512814230e+01
4.337155467475504622e+01
1.243091227018089917e+01
1.323739970018292311e+01
2.117366762500175525e+01
1.215469630099349096e+01
8.060737870848073783e+01
6.612093560801755032e+00
7.278718675092405554e+00
7.829267085098601697e+00
7.167882962416862291e+00
6.875864713621806956e+00
1.961206968184755084e+01
6.076795016100772884e+00
7.303331099365201418e+00
8.032025845122696239e+00
9.115922018224702938e+00
8.990432412460636513e+00
2.080026533359133722e+01
7.915084504795326836e+01
1.380886535256155589e+01
7.668087564371147025e+00
6.771762791684849070e+00
6.766629905877742601e+00
8.903455259705491898e+00
1.647164575001198017e+01
1.695193843031838128e+02
6.372572285400782022e+00
6.601374792200331854e+00
7.415190608938639016e+00
5.721066745629797445e+00
2.190799016547790501e+01
1.235008555809108444e+01
1.164730450352161739e+01
1.565059753681857835e+01
2.663140327256333606e+01
7.079129123904098542e+00
7.335826374800269889e+00
7.717943001346132093e+00
9.391868513326159018e+00
1.719765971591386133e+01
3.005195517793141491e+01
1.249424246920107962e+01
5.953765990359827498e+01
1.635916621440511420e+01
4.117087208714511348e+01
3.045936429724339334e+01
4.175066727027347468e+01
1.195883086853057620e+01
9.725991835729018931e+00
9.288820353566189070e+00
8.858654590171751053e+00
7.696690401887931188e+00
1.409434295034710338e+01
8.890284721962965264e+00
7.593629480984776414e+00
4.542874536434575106e+01
8.788620665064435400e+00
7.191501279399106217e+00
1.007824067909865207e+01
7.307659278107284884e+00
1.028387679167948221e+01
1.611273666753632128e+01
2.056627803497553586e+01
2.479096228267127344e+02
9.041930726552507736e+01
8.998628118704599999e+00
1.182682521102506534e+01
1.912371297877371390e+01
1.618406810655912054e+01
1.791772940064894826e+01
1.404259992631943810e+01
1.502165858059964343e+01
1.071889182718275357e+01
1.167407955770598171e+01
1.262499175724823886e+01
1.367136399755016285e+01
1.570564776382623329e+01
1.084176118940125235e+02
3.144824991115288526e+02
1.006856191649060506e+01
1.108069371760036326e+01
1.245653942527419034e+01
1.372023623039160434e+01
1.610811986318026001e+01
1.767395956544067914e+01
1.743937560851960455e+01
1.507515235184070157e+01
1.217735374048051611e+01
1.100065969672764332e+01
1.077211697014653247e+01
1.060242694225886417e+01
1.041916608542071998e+01
1.034103946108197469e+01
1.039917109000333895e+01
1.049371495692726519e+01
1.049529803522180593e+01
1.038308908171431177e+01
1.021142381117968156e+01
1.002989522994853111e+01
1.043172524965694237e+01
1.107446722791845062e+01
4.908042275480676864e+01
2.656904629933665873e+01
9.906779127830086296e+00
8.936174558181212646e+00
9.502141184176542410e+00
1.066347427835830963e+01
1.991643324380098790e+01
3.160964011166682752e+01
1.083110442752311542e+01
9.968454942774103600e+00
1.071820214009734507e+01
5.854694655139460338e+02
2.245002901961946407e+02
1.151671165022359133e+01
2.073957571877067707e+01
1.331391307201062979e+01
2.960330292437072686e+01
6.457867621041916095e+01
6.067828268805997993e+01
2.419015296786178126e+01
1.223303249336047926e+01
4.457437170891872569e+01
3.379532258201106742e+01
3.760902689903601015e+01
1.246539169093588484e+01
1.132283438816629229e+01
2.485740619930583506e+01
1.553616161109471250e+01
1.232820582724713532e+01
1.581071319838665268e+01
1.994867693776661355e+01
2.416667694616823425e+01
6.768194302079152180e+00
1.680336654981925903e+01
9.617959307746804853e+00
1.242414894798581848e+01
1.123136978716182810e+01
9.227297257039127842e+00
1.636004724713026448e+01
1.118851459423523487e+01
1.804454648248372095e+01
2.010363029689261793e+01
1.777784755912101744e+01
1.185346895801542999e+01
1.089662976634465963e+01
1.824593326993560893e+01
1.316758089693352218e+01
8.649500283989468130e+00
1.404521587324004273e+01
1.222303569009916657e+01
2.285231632556343939e+01
8.427014325313285426e+00
1.015357887489667021e+01
8.196793446692428375e+00
1.172046588767076436e+01
6.490515966912268730e+00
9.965277023937845868e+00
8.503024471651819738e+00
5.779729403507652741e+00
1.003750595781487753e+01
6.868882936646407700e+00
7.791940457649499052e+00
5.735146293438850407e+00
6.542878081728016326e+00
1.768669083575930046e+01
1.025844437013747346e+01
7.759190764986634292e+00
9.117593196131512201e+00
1.136357570192098621e+01
3.519224131650676100e+02
5.661775280363059437e+01
1.271445574041439563e+01
1.320713803154181321e+01
1.187348377589476023e+01
1.198088061369186796e+01
1.352688565108919150e+01
1.328489484097570639e+01
1.402694427073914873e+01
1.284036209517988603e+01
1.729938545472544931e+01
1.736872623677157890e+01
5.657388923674899672e+01
2.095552165489351992e+01
5.142908720337261741e+01
1.271172873559309835e+01
1.441460218718038000e+01
1.219545240816216491e+01
1.354330047075388421e+01
1.913206999147367071e+01
1.119501961438030335e+01
3.612115227549263352e+01
1.389293081052109713e+01
2.580531147235886991e+01
1.118856147834574699e+01
1.036116477941629341e+02
5.582957292372831404e+01
1.118034162225752048e+01
7.183021031795121303e+01
6.676441100435434350e+01
1.082281432413689615e+01
1.056555697277963723e+01
9.667667714073068908e+00
1.129320762173940409e+02
1.088085467809236739e+01
9.830296268649867386e+00
1.841822650240568748e+01
1.601527895521387634e+01
1.017674942525420079e+01
9.569528068318536640e+00
9.841494939097456651e+00
1.105888193960624655e+01
2.101317105886201730e+01
1.542826434115640404e+04
1.114982201391882022e+01
1.286350506861111676e+01
1.073588897029357092e+01
1.584314012272396255e+01
3.201981828943243613e+01
3.156663850460421372e+02
1.276064556697893870e+01
5.623109194398939081e+01
1.120828596635356256e+01
5.794899818660226742e+01
9.589747179020102763e+00
1.143702877510282434e+01
1.368531115817594390e+01
2.915465408415037984e+01
6.972077405295131314e+01
5.757732906979579468e+01
4.406144409475153623e+01
1.666005314754418265e+01
2.818682404285447163e+01
1.192262025891529831e+01
1.782213932684109992e+01
1.098800468792025775e+01
2.411808611647553846e+01
1.338464663553652656e+02
1.413952320684421871e+01
1.468987840385504917e+01
1.298494798492963653e+01
4.338259466939557996e+01
4.187754664290604723e+01
2.209629878760926047e+01
1.708770444743647232e+01
2.067398719867259160e+01
1.608507544261818012e+01
1.128263892733083651e+01
9.508256878459741657e+00
9.734038087738245082e+00
1.056284409926703916e+01
1.132491330737420654e+01
1.202043625708551566e+01
1.249503878941681734e+01
1.178022640095784190e+01
1.042699822776758012e+01
3.712498241055966020e+01
3.633176212457914289e+01
8.832217963106273828e+00
1.010519083915991523e+01
1.020357899586923978e+01
1.012532570424470002e+01
1.003154631741552194e+01
9.939845016894214069e+00
9.851622441443607769e+00
9.790325313866574675e+00
9.765278824716652650e+00
9.720260036205644383e+00
9.488013102479103011e+00
8.608271137271961138e+00
6.492419887369443643e+00
3.512439722376271334e+01
1.486261483660861593e+01
6.499344619917386545e+00
7.862558798628496604e+00
8.595719207516268057e+00
8.825743451790618366e+00
8.680416366041706411e+00
8.233529022625308613e+00
7.445427744600876530e+00
6.787394391498657420e+00
1.345740000572629391e+01
1.292045063238649050e+01
7.148204724211804972e+00
7.834337143075341459e+00
8.435310967560601725e+00
8.570458210578165037e+00
8.320241219490654316e+00
7.663427965037270084e+00
7.147213576478757879e+00
1.013631874261139565e+01
1.006749266457020298e+01
6.827048353272825665e+00
6.893113030012025355e+00
7.268462718285164215e+00
7.321475511943733139e+00
7.087907676886729291e+00
6.962710264145372641e+00
8.258111067151400420e+00
8.699829613059138822e+00
7.138778470295314982e+00
7.032490522910825881e+00
7.373002602034946840e+00
7.442084795291977528e+00
7.241087114722026818e+00
7.334211854840837930e+00
8.125023841217704046e+00
7.804515420591353170e+00
7.294953577154378976e+00
7.416432041812996978e+00
7.465926116868482509e+00
7.269791161469775886e+00
7.204326204668174860e+00
7.632116811241457910e+00
7.516421598625175449e+00
7.122008762209323329e+00
7.161707160432705166e+00
7.221629026324776213e+00
7.144086049594958965e+00
7.212421502638996174e+00
7.492969854748907643e+00
7.353448941077443735e+00
7.168885373330934563e+00
7.229432502591064846e+00
7.250575039280837686e+00
7.223959441867565445e+00
7.363276698466238557e+00
7.449400829111000988e+00
7.296076414625108697e+00
7.255902941089103386e+00
7.277013738034812995e+00
7.258912308773576960e+00
7.330391013234297759e+00
7.451540035494539360e+00
7.433874431214893441e+00
7.474304378653417125e+00
7.643795772376796194e+00
7.890472282280487804e+00
8.295606531244866133e+00
8.858256177861012048e+00
9.457807195332183170e+00
1.002497455481046629e+01
1.014281519042309654e+01
8.995299527372136339e+00
6.855928075229870799e+00
1.022463761758863932e+01
1.764841287833640493e+01
1.952474265429320965e+01
1.403195008781687392e+01
7.726290114650487872e+00
6.590342852943749108e+00
7.947537167634789235e+00
8.868654050306789216e+00
9.262406123696687033e+00
9.256662913137082782e+00
9.000739386238914008e+00
8.617120594343832707e+00
8.139854513973709516e+00
7.795875182832317840e+00
7.801800625185111748e+00
8.039223302493375911e+00
8.275128424610649347e+00
8.215055001420193292e+00
7.848363933987539731e+00
7.448953253183979051e+00
7.200560525240145893e+00
7.152186248302961680e+00
7.141959430495295358e+00
6.989225820807487999e+00
6.693212685852924615e+00
6.339164843983746245e+00
6.095400643108315641e+00
6.074594689891336330e+00
6.136947918868585816e+00
6.135482758376753054e+00
6.040509146996770440e+00
5.985322296632609174e+00
6.094652904126651727e+00
6.302924556240985687e+00
6.504355166049786696e+00
6.609637491293530509e+00
6.596309468140418630e+00
6.520910572949089712e+00
6.439710103853610867e+00
6.397738044209785535e+00
6.400098040091366514e+00
6.422277528686243464e+00
6.465513679931600421e+00
6.530379936907165117e+00
6.615739318603882424e+00
6.711391952999652410e+00
6.791999815134277974e+00
6.840122165974271695e+00
6.839731488526846981e+00
6.785749564278821033e+00
6.688750734229099493e+00
6.565014556407221313e+00
6.442119249162955974e+00
6.345742349860035603e+00
6.287522302591407097e+00
6.265795958872079296e+00
6.269960936812389640e+00
6.297634682690695485e+00
6.349783491723408169e+00
6.418664342664133216e+00
6.489894340453404631e+00
6.548228332190857870e+00
6.587591719859371864e+00
6.612655527522318444e+00
7.009538960609584812e+00
4.439839142242099115e+03
9.778095786225932784e+01
2.175091031716247159e+01
9.780369251593073798e+00
8.182955860234143231e+00
8.315365043049462557e+00
8.320721454572003850e+00
1.064218381227183663e+01
9.137489504660886723e+02
8.053839369096968070e+00
3.340640850040256282e+03
9.778144907594324309e+00
1.078929762574327000e+01
1.608290287201423396e+01
1.949854870495370207e+01
1.834390611659149783e+01
2.167652746722105306e+01
2.455324454549636215e+01
2.416429342379748491e+01
2.230917872841973448e+01
3.090193639589606178e+01
1.787510140562544336e+01
1.858472272397392544e+01
7.678149049342256660e+01
1.647572951764441029e+01
8.670260746920289918e+00
1.708220540362296092e+01
1.130731882404349875e+01
8.940074870823540465e+00
8.071325644833388324e+00
7.606226308740454911e+00
7.756869700498378428e+00
8.218160251684881956e+00
7.714839896129552343e+00
7.272057387248130667e+00
8.866875749895521963e+00
1.023996116567632164e+01
1.067130379834797971e+01
1.012317608677163783e+01
8.688214594287465786e+00
7.807058977966442548e+00
8.706580833469846681e+00
9.787177649586203287e+00
1.003669067532707970e+01
9.782044002634954438e+00
9.469226215428850679e+00
9.269208525256598108e+00
9.186269804247384485e+00
9.191901114121895588e+00
9.256367508035939551e+00
9.345246871658350329e+00
9.428475222740397399e+00
9.474577045001273845e+00
9.423527224413208003e+00
9.193763362595280597e+00
8.758715950783205528e+00
8.229923740445045155e+00
7.820369490876263541e+00
7.666258549502625641e+00
7.720337482265633433e+00
7.856127106802628823e+00
7.998919287461559335e+00
8.157069376614312972e+00
8.416128588853238668e+00
8.944089937335796492e+00
9.949119792254816019e+00
1.135200585909273663e+01
1.191352461963385245e+01
7.983494561875253304e+00
7.125181245196127833e+00
7.129942304615685345e+00
9.443323298713480085e+00
9.401171025462716102e+00
9.024253491094489377e+00
8.732906033809221924e+00
8.533791601874121113e+00
8.424742335540278404e+00
8.423982900987086353e+00
8.536854617803941281e+00
8.658245354187698695e+00
8.283015339375333852e+00
6.915309947241669697e+00
6.819345303758332477e+00
7.125085018228131339e+00
6.694122201985313936e+00
7.150901564960348011e+00
8.035198418459572167e+00
8.194747112737188033e+00
3.662556346189510077e+04
1.046187500969181450e+01
6.406194210004885292e+01
9.531477788431413245e+00
1.014670180626615803e+01
9.967957445744769274e+00
1.015557069212868058e+01
1.054823172000212850e+01
2.432096025398347194e+02
3.773154825038207036e+02
1.280630742132043167e+02
2.806754890450894990e+01
3.130336348972771177e+01
2.559447114754044961e+01
1.211492432198499273e+03
2.011536916829883026e+01
5.775939039404116215e+01
2.542234037232448429e+02
4.960071955304838554e+01
2.555943033876046400e+01
1.102888868929519361e+01
1.115293222923213357e+01
9.745908955100190951e+00
1.138626016556855802e+01
1.526250773146974993e+01
1.296231959718828541e+01
1.492174971188416244e+01
1.630497672028164402e+01
1.308251858634036324e+01
1.304367828097012350e+01
1.260264741806294531e+01
1.178942314708257122e+01
1.069397407559342739e+01
9.320255967595651114e+00
7.791553613770292763e+00
6.930953293550324190e+00
7.061626211129629738e+00
2.306113030940872832e+01
3.334917889625625321e+03
8.779124154585540296e+00
1.547136044586308401e+01
7.795969353045825834e+00
8.030830832307751521e+00
9.163275452824885647e+00
2.638988434144217621e+01
4.023382421482108384e+01
3.828213307878250049e+01
3.097844242114175017e+01
2.637698952755890147e+01
2.550896999685526012e+01
2.655758046396759653e+01
2.669052787103458613e+01
2.346437239303265088e+01
1.699458071909314327e+01
1.022742513547194321e+01
6.551194380332504785e+00
6.934903471846502576e+00
8.689332130293694334e+00
9.202641880144126318e+00
5.536351766067143743e+00
2.080480911187152415e+01
3.972579847392768215e+01
2.597097119386223696e+01
7.272852243835705721e+00
6.685221842916874380e+00
8.406702479821817064e+00
8.677067179403600505e+00
8.532344881342453391e+00
8.346669062828032892e+00
8.224489039759154352e+00
8.189338139692047491e+00
8.237879219520241492e+00
8.348619106508014198e+00
8.467783755960967440e+00
8.469961370216889662e+00
8.101229500286137863e+00
7.068579222070471957e+00
6.285320685230166404e+00
9.280637515418595385e+00
1.349017934852150447e+01
1.324752702370585311e+01
9.069732023822572486e+00
6.070444255566284752e+00
6.311623749396514604e+00
7.273689826991800444e+00
7.876573537010024495e+00
8.099583763863359209e+00
7.966756283299877950e+00
7.407070959450295256e+00
6.386271297448202766e+00
5.409302014684924664e+00
5.858888561182859611e+00
7.320435043017002208e+00
7.619063676829817666e+00
6.381585541353691049e+00
5.260151285974254520e+00
5.453729660986286198e+00
6.164806113495979289e+00
6.598515673809394855e+00
6.558732550040724085e+00
6.067586409590417951e+00
5.325814822250700686e+00
4.895356261037599133e+00
5.284772995796184425e+00
5.888000900744432720e+00
5.846882036649863501e+00
5.272061864214988347e+00
4.929708083362019266e+00
5.118076179524897462e+00
5.451299869527748143e+00
5.579083794184414913e+00
5.413782199849330290e+00
5.065390620802284083e+00
4.788081047636207010e+00
4.782291774357149805e+00
4.917026156168126327e+00
4.917743798683357426e+00
4.772353196705891420e+00
4.699425059795911963e+00
4.801971080182126705e+00
4.956620882406634010e+00
5.007743026692240029e+00
4.904598789615088883e+00
4.710146065261521464e+00
4.548356744385761985e+00
4.496639817790196503e+00
4.507342253987208558e+00
4.487890197180388618e+00
4.430512070722071094e+00
4.402289555313775971e+00
4.436388910797125718e+00
4.490434368148103594e+00
4.503227316416121617e+00
4.452575049893224168e+00
4.365007156484400852e+00
4.287968103847124901e+00
4.248669599519495854e+00
4.237074745838512513e+00
4.232024121259031268e+00
4.232787520372445655e+00
4.253781705203253161e+00
4.297031788513646866e+00
4.343255689293744837e+00
4.368895356637433558e+00
4.365271162667663241e+00
4.342730346697562638e+00
4.320101343510495795e+00
4.309738962150739816e+00
4.311339596884616654e+00
4.318955390845500730e+00
4.330519437237891900e+00
4.347905673749121291e+00
4.369900921520467385e+00
4.389113283785406772e+00
4.396800368878968968e+00
4.389716698284030549e+00
4.372255754987337539e+00
4.352708689666683561e+00
4.337582801112018771e+00
4.329017200252849307e+00
4.326571339907217428e+00
4.329845326881418544e+00
4.338421513942749108e+00
4.350045720515944403e+00
4.360374572767624635e+00
4.365279003401782987e+00
4.363505220697227571e+00
4.357254466405425575e+00
4.350408280996554744e+00
4.346144099621331414e+00
4.345838840676270465e+00
4.349539398922915190e+00
4.356734681705669132e+00
4.366403141145442035e+00
4.376718150461094581e+00
4.385370930704572068e+00
4.390629894408412781e+00
4.392281242378154538e+00
4.391642767160469418e+00
4.390698863966129295e+00
4.391107297012140087e+00
4.393741094131506486e+00
4.398769907514511246e+00
4.405839315840102799e+00
4.414109775175429462e+00
4.422354092905627532e+00
4.429348358842919886e+00
4.434420063665861278e+00
4.437756834272171602e+00
4.440242953757699063e+00
4.442974109332331167e+00
4.446803760460387167e+00
4.452141547708181157e+00
4.458960455000072542e+00
4.466869244995118393e+00
4.475210861728855960e+00
4.483244726287446191e+00
4.490411559403906239e+00
4.496555153907075386e+00
4.501960146635109794e+00
4.507187631117739457e+00
4.512824619010655347e+00
4.519286738216938382e+00
4.526732366149429865e+00
4.535063935202440888e+00
4.543980512656177417e+00
4.553075619253068140e+00
4.561976274940556131e+00
4.570481618863794004e+00
4.578634434775770146e+00
4.586687654093328348e+00
4.594989825417321150e+00
4.603854058751012168e+00
4.613465998837821935e+00
4.623849395220196001e+00
4.634881379400629164e+00
4.646345726236391194e+00
4.658013016556349584e+00
4.669726407252835720e+00
4.681460256246826823e+00
4.693325469640966752e+00
4.705521787396051536e+00
4.718263666504881826e+00
4.731713620516584839e+00
4.745944650010168964e+00
4.760936604917449522e+00
4.776601447566939385e+00
4.792828177181952753e+00
4.809533704897099859e+00
4.826701898766616594e+00
4.844395701475638916e+00
4.862738825809723053e+00
4.881877462970106940e+00
4.901939560822918374e+00
4.923006548096875434e+00
4.945104358504199382e+00
4.968213180067731827e+00
4.992290634040154274e+00
5.017300082308379316e+00
5.043234197143676489e+00
5.070125354994306832e+00
5.098039630453563120e+00
5.127058017322362993e+00
5.157253199805141186e+00
5.188670528262898429e+00
5.221318681405975326e+00
5.255171286072283898e+00
5.290177294100242733e+00
5.326275622578632962e+00
5.363408522854325788e+00
5.401528776932631004e+00
5.440598337108188076e+00
5.480579565923754615e+00
5.521423091041345543e+00
5.563057132174414221e+00
5.605381945341284755e+00
5.648270756013534566e+00
5.691576301338939992e+00
5.735140475679802563e+00
5.778803816792319026e+00
5.822411830528154475e+00
5.865816392838311799e+00
5.908872222023260790e+00
5.951429876343502734e+00
5.993327235965502986e+00
6.034380853245679965e+00
6.074377288670032016e+00
6.113063122685508333e+00
6.150131126270414583e+00
6.185199273932452613e+00
6.217778965801439739e+00
6.247228961235348876e+00
6.272691957823871789e+00
6.293011290388055734e+00
6.306625933980581244e+00
6.311443525162692580e+00
6.304695042050543208e+00
6.282783997668963671e+00
6.241162367068050720e+00
6.174302808812370813e+00
6.075903711573384491e+00
5.939574638922865191e+00
5.760413338046795673e+00
5.538070333488620989e+00
5.281925320154412518e+00
5.018266080044297084e+00
4.796407012881680920e+00
4.684188588722560276e+00
4.739775915015291829e+00
4.967134267100984601e+00
5.297924996629032712e+00
5.623848368710940626e+00
5.847750771224005994e+00
5.917728389610616091e+00
5.835482373178702886e+00
5.644351697609416796e+00
5.406374965551218104e+00
5.178577827206985340e+00
4.997232480121465592e+00
4.874592325829363304e+00
4.805887755503698955e+00
4.779298663917778356e+00
4.782677216841590528e+00
4.805816898189997133e+00
4.840395264458610569e+00
4.879561829150113716e+00
4.917686417931836473e+00
4.950168846483898655e+00
4.973456148607533045e+00
4.985457050730127015e+00
4.986083286955555138e+00
4.977330811173978020e+00
4.962608246876823337e+00
4.945618016872256106e+00
4.929383993716274226e+00
4.915784096438807538e+00
4.905538051777008413e+00
4.898449103287697781e+00
4.893796948880831721e+00
4.890819274098321401e+00
4.889106742182859122e+00
4.888691408315488651e+00
4.889787343112090845e+00
4.892398828640049047e+00
4.896089547982731993e+00
4.900048407586528043e+00
4.903375211668760336e+00
4.905422589721320392e+00
4.906063339449269201e+00
4.905798731583820071e+00
4.905652723214561917e+00
4.906858466126724494e+00
4.910443590454281804e+00
4.916884948564703706e+00
4.925966831580107730e+00
4.936866647317316392e+00
4.948396857700881668e+00
4.959304410515010808e+00
4.968548567284143402e+00
4.975501668756681539e+00
4.980034032467413496e+00
4.982469513580112697e+00
4.983436542043198081e+00
4.983671618971526662e+00
4.983838591202859547e+00
4.984408501231462729e+00
4.985617872341210344e+00
4.987500298418543032e+00
4.989968265098187139e+00
4.992908972900535147e+00
4.996255700485018103e+00
5.000010584189762852e+00
5.004220148875732299e+00
5.008926634241741560e+00
5.014124476262425745e+00
5.019742597119358329e+00
5.025658330967901932e+00
5.031736037516214566e+00
5.037875854078309068e+00
5.044056070340971587e+00
5.050356806820120781e+00
5.056962759178755817e+00
5.064156099504782738e+00
5.072324144512482924e+00
5.082022316879315937e+00
5.094168088727355048e+00
5.110553975315686337e+00
5.135272915062482291e+00
5.179327061349485284e+00
5.279128993078417764e+00
5.590152423843766094e+00
6.644554559399609595e+00
5.828830255111614633e+01
1.178672484179258362e+01
1.608061187944927539e+01
1.719047321368085690e+01
1.724227939110111407e+01
1.649789072807230994e+01
1.410305026879884949e+01
8.336803259694038459e+00
1.016869009114638720e+04
1.328088287055573602e+01
3.273121425446901611e+01
1.660712760457909951e+02
7.446731476610911393e+00
8.348452561830171703e+00
1.935688138957399573e+01
1.346099405094338941e+01
1.692273695371870090e+01
2.027866206009239036e+01
2.250385285301955562e+01
2.219756098384456777e+01
1.919601402547692359e+01
1.437403882268247202e+01
8.712113498696481884e+00
6.076382212404838157e+01
1.886357746111492517e+01
1.554622282736337127e+02
2.386909801037197667e+02
9.139210513905371869e+00
3.441988983173614258e+01
3.382204432043317155e+01
1.955824481591926087e+02
1.927852604216659813e+02
2.387779057031101360e+01
1.396300541012660723e+01
1.348621579554295380e+01
1.305639150854606534e+01
1.271670379092676662e+01
1.251711861079929733e+01
1.244627341097901940e+01
1.244974741187008860e+01
1.252439656011475577e+01
1.270838882581456986e+01
1.300778669548542865e+01
1.341239165444473080e+01
1.395416051374952460e+01
1.469904344601684443e+01
1.572456946778608433e+01
1.715057458943370960e+01
1.916135385503537236e+01
2.197087921050697190e+01
2.577547042520866327e+01
3.070168099897756164e+01
3.690939068464619766e+01
4.677433702121606984e+01
5.328091948718218163e+01
1.377637315359868886e+01
1.163502888904557508e+01
1.138849847254597769e+01
1.189634365545767736e+01
1.242793228017873020e+01
1.283807366602710864e+01
1.313832627269673914e+01
1.334942043872938733e+01
1.349400763654190527e+01
1.358244755548155247e+01
1.360208249852283480e+01
1.353698559442556260e+01
1.338465201268035543e+01
1.315045603406456998e+01
1.285060773917180121e+01
1.253620153831605144e+01
1.230622869087939186e+01
1.228457802862487824e+01
1.256354720766836053e+01
1.312994198038206584e+01
1.382696547826708766e+01
1.441290501545800140e+01
1.468537421894388650e+01
1.457414092699141328e+01
1.414940157083908545e+01
1.356306671775208095e+01
1.297233535752693179e+01
1.248533049635198466e+01
1.214258074758187433e+01
1.192949979366890290e+01
1.180408339383839333e+01
1.172001303528250560e+01
1.163741590597328113e+01
1.152844410868026159e+01
1.138284055857527299e+01
1.121131781782788650e+01
1.105042419790302688e+01
1.097997435350179352e+01
1.114016924286437771e+01
1.166384619920578203e+01
1.245362223196889850e+01
1.307148101664117590e+01
1.310675069887766497e+01
1.262452900575238779e+01
1.204198369050899586e+01
1.167226160664722201e+01
1.155620452704044254e+01
1.160123230944268791e+01
1.171850283507545321e+01
1.185831166520917712e+01
1.199628287734892673e+01
1.211263423090042757e+01
1.217718225257563702e+01
1.214201041153460281e+01
1.194135232218165932e+01
1.149895314008160696e+01
1.074782510837950511e+01
9.680534626425052025e+00
8.474838941482763843e+00
7.721259807212680570e+00
8.315368818223108249e+00
1.031849850896597509e+01
1.275010103498046554e+01
1.470902128899740191e+01
1.588991253104193646e+01
1.641602220150587144e+01
1.617495367660707117e+01
1.476012203545351475e+01
1.240541862305905596e+01
1.007193036629492155e+01
8.545601574941194656e+00
7.951668208453586573e+00
7.970150210976512106e+00
8.248349157297942824e+00
8.572843483262316155e+00
8.844079145184000623e+00
9.022533838762276659e+00
9.096396473633079793e+00
9.066732407118299975e+00
8.941796815719154523e+00
8.735775071028646366e+00
8.469869634856419083e+00
8.174643867017410415e+00
7.891590727395915827e+00
7.669299986125769131e+00
7.548838105459337200e+00
7.541518946870899853e+00
7.618331446137617036e+00
7.728072397216814160e+00
7.829604761070474872e+00
7.905856217895881777e+00
7.952105002062340944e+00
7.961070215684491913e+00
7.923203958560528726e+00
7.837331563889548214e+00
7.717547340818613932e+00
7.589998385401151459e+00
7.482509887572960317e+00
7.413716713126345503e+00
7.387472812337515293e+00
7.394594677310600161e+00
7.419573278586676146e+00
7.447702710704155571e+00
7.469250469894834765e+00
7.480047532760630169e+00
7.479876404627747277e+00
7.470434652070522041e+00
7.453961631948803124e+00
7.432726813440904579e+00
7.409054936801655167e+00
7.385480817688375055e+00
7.364768033522060442e+00
7.349666315744967093e+00
7.342361911119634321e+00
7.343688117981001184e+00
7.352393638067980852e+00
7.364994780622795112e+00
7.376644846043609149e+00
7.382866261365402138e+00
7.381271335521298660e+00
7.372252692870753243e+00
7.358313155215767232e+00
7.342633862666701816e+00
7.327829195950748442e+00
7.315437130969193014e+00
7.306062877082592166e+00
7.299766259653535094e+00
7.296349081219702271e+00
7.295432693726096041e+00
7.296402963614882609e+00
7.298366948228774298e+00
7.300232686219024991e+00
7.300933263933073292e+00
7.299715709263757013e+00
7.296357546489344870e+00
7.291198822554761705e+00
7.284975235665823057e+00
7.278543665283394581e+00
7.272633204080984015e+00
7.267713417763711270e+00
7.263989070744480081e+00
7.261466492021771302e+00
7.260022607998533495e+00
7.259436946287648240e+00
7.259392109555261818e+00
7.259480045013368077e+00
7.259251248875862039e+00
7.258312239020079382e+00
7.256434941587008858e+00
7.253621628276704314e+00
7.250088404839149625e+00
7.246176064002081141e+00
7.242235305421451663e+00
7.238538045876985905e+00
7.235240489377266826e+00
7.232390750076170605e+00
7.229956195020930565e+00
7.227848604998206916e+00
7.225939688897119240e+00
7.224072824986824237e+00
7.222081185058162767e+00
7.219816803341994493e+00
7.217184736051165395e+00
7.214168854438889333e+00
7.210836705572019056e+00
7.207320126639528368e+00
7.203779803770586021e+00
7.200368167091013127e+00
7.197202692333642737e+00
7.194353911405724666e+00
7.191845275866782572e+00
7.189659521258326080e+00
7.187748116471313509e+00
7.186043623888014764e+00
7.184476237868811843e+00
7.182994424563186264e+00
7.181586916098052775e+00
7.180302058964198153e+00
7.179262993705608942e+00
7.178684399191158860e+00
7.178910137757206655e+00
7.180520703927726345e+00
7.184648857670254962e+00
7.193989162991763386e+00
7.216666644449260204e+00
7.286048673884495841e+00
7.621189837694772429e+00
1.129838310042298133e+01
1.118751043293788285e+02
4.435400394947582470e+01
3.788556627263103138e+01
3.596975615992049313e+01
3.629848325038452117e+01
3.993584855472282413e+01
5.397830825154745327e+01
4.534884552758309439e+01
1.476879633911936196e+01
1.031686935419386586e+01
1.106920775737448182e+01
1.183186432630847840e+01
1.216747393090144413e+01
1.226778934713873781e+01
1.223131459301183632e+01
1.208443809508009181e+01
1.180664046437766856e+01
1.135584464202828059e+01
1.069577784033142720e+01
9.854904033517639661e+00
9.224656632957326963e+00
9.922698829347982752e+00
1.198284687844813412e+01
1.292530073131241863e+01
1.168912014820154965e+01
1.012529887216016000e+01
9.757554758921408222e+00
1.013350681941271070e+01
1.054413003444529373e+01
1.073088355185476495e+01
1.064522820504134515e+01
1.029952103819058173e+01
9.754065904390843755e+00
9.165844247945241108e+00
8.821376688376542319e+00
8.921988782150757302e+00
9.159703052946207791e+00
8.973663938696438080e+00
8.291448066929619998e+00
7.533222319339011541e+00
7.061736754521195536e+00
6.883132599991977685e+00
7.379931515179713131e+00
1.307002074704602705e+02
3.342956582247538933e+01
2.705291532143784750e+01
2.407910024584990083e+01
2.223968068108959883e+01
2.096795077976869237e+01
2.039939590598008223e+01
2.142983552195566688e+01
1.090304224219261050e+04
1.444898874593691751e+01
1.536572021129545895e+01
3.689242304161801655e+01
1.453799285849646417e+01
1.814170713392499223e+01
1.413905588545846115e+01
1.331335041901261107e+01
1.777443328472951478e+01
1.279587383375481480e+01
1.258759098942540433e+01
1.247367018218396773e+01
1.227562374215216678e+01
1.201718995386290700e+01
1.181041275733188201e+01
1.164562828689271790e+01
1.147109144023617588e+01
1.132203954086766906e+01
1.121357974018642345e+01
1.107815962233440565e+01
1.089613342394193651e+01
1.072897606938338377e+01
1.060024081819765485e+01
1.048226397055805315e+01
1.038109400957334927e+01
1.031883076882686190e+01
1.028134701863416822e+01
1.026660198004538849e+01
1.031183738890424451e+01
1.042149871945741069e+01
1.054974520297700558e+01
1.066725414177835241e+01
1.077631674515554039e+01
1.087389456303045066e+01
1.095448072820711793e+01
1.103195963966406268e+01
1.111689820615283963e+01
1.118799096917675939e+01
1.121219992545560373e+01
1.117677641606602101e+01
1.108871464671868168e+01
5.954938754465111828e+01
1.264250215959117618e+01
1.046935427304297406e+01
1.065797531696403055e+01
1.075721226931677776e+01
1.088630945368814018e+01
1.102388038597519682e+01
1.115071837419202083e+01
1.125448239337972289e+01
1.133723160203273395e+01
1.140316159376303773e+01
1.144938116217430668e+01
1.147169591713703696e+01
1.146590757420974427e+01
1.142297546471031211e+01
1.133419320094279570e+01
1.120060602022427965e+01
1.103166851686086858e+01
1.083984588568116436e+01
1.064207458551399910e+01
1.046141288640376743e+01
1.032290573423609281e+01
1.025033924914282046e+01
1.026495011645008582e+01
1.037987204047272272e+01
1.059492925814550368e+01
1.089908881258344842e+01
1.127006133706812108e+01
3.722339681123166315e+02
1.186402860156159988e+01
1.266267166377347486e+01
1.299765164456755073e+01
1.293230017888400774e+01
1.192897611274275071e+01
2.921301924442979470e+01
7.236695734084922549e+01
2.221409373839018372e+03
1.129591179543156976e+01
1.180144697136084808e+01
1.179142296834757353e+01
1.106500278968736950e+01
9.982629125897643618e+00
9.599430336376828521e+00
1.227015153498235556e+01
1.070586331541364977e+01
9.908058028027427966e+00
9.732672428045889390e+00
9.791129141079236931e+00
9.936178517441456748e+00
1.015603970331289396e+01
1.043454618579315785e+01
1.074937054182706930e+01
1.108004661920117861e+01
1.138162716295772547e+01
1.160031635843310482e+01
1.171324362079458581e+01
1.172197461420860343e+01
1.162595972694401958e+01
1.142796205868187798e+01
1.114871172031731028e+01
1.082450626808385152e+01
1.051256284466552593e+01
1.029727551001564834e+01
1.032375274735796111e+01
5.427224502087130986e+01
1.319881047347949021e+01
1.036200185292794984e+01
1.037767591231107289e+01
1.043774946053805763e+01
1.050503546911121688e+01
1.057640323403552607e+01
1.065185891872802948e+01
1.072963056881984656e+01
1.080690300440202734e+01
1.087866836827259398e+01
1.093873807786599883e+01
1.098596384332324938e+01
1.102609236902584655e+01
1.106582848385250450e+01
1.110823259545304431e+01
1.115320443236494263e+01
1.119847304314808589e+01
1.124062403746264849e+01
1.127777845483882935e+01
1.131023561549704759e+01
1.132989783519846405e+01
1.127295289644233911e+01
1.987294577980537724e+01
1.396844076760499043e+01
3.506818980998821189e+01
1.103355209145578186e+01
1.111418884456140432e+01
1.108390751355806181e+01
1.115209750081006668e+01
1.138185290478138434e+01
1.118810213604209380e+01
1.106189281997002105e+01
1.108395577664136766e+01
1.105462009420696567e+01
1.092335210650141164e+01
1.077225881647935601e+01
1.086714396495480095e+01
1.069930823075530313e+01
1.053071561831582059e+01
1.059990062596332372e+01
1.005609001057336968e+03
1.221456661569070867e+01
1.135350016523626415e+01
4.453753668127039418e+04
1.111041760784291554e+01
1.057944101291152350e+01
1.015869928988522020e+01
9.893692814264772650e+00
9.631206813828720570e+00
9.380579754612504928e+00
9.129294500206137641e+00
9.190864330575379881e+00
8.390012721726911593e+00
8.098159049815258470e+00
8.089417419080119132e+00
9.197261171409614633e+00
7.230159186126996929e+00
6.882171593604022419e+00
6.918009054336883956e+00
9.139954578722031542e+00
1.384378973135354762e+01
7.473236377680292364e+00
7.274934545392547136e+00
7.465971296766208631e+00
7.713040204838292446e+00
6.518480321750487860e+00
6.456825516128015252e+00
8.683040290313984499e+00
6.386107397337317693e+00
5.609665239135864567e+00
5.179670002638988358e+00
4.980632890281167846e+00
4.891104495212706738e+00
4.817503628173288810e+00
4.742753522499405960e+00
4.670605475520898331e+00
4.583788272430177280e+00
4.479779707612156159e+00
4.378109991689531633e+00
4.280038236479382974e+00
4.172504634680184843e+00
4.062592993196767921e+00
3.964959063670581596e+00
3.875461863878958191e+00
3.788176054299534190e+00
3.711344262483187606e+00
3.647946306811453265e+00
3.589355581569404485e+00
3.535291814731090110e+00
3.493709037531104400e+00
3.463659197912747789e+00
3.439600672504728784e+00
3.423338162463469558e+00
3.416568673245776289e+00
3.414143335932966927e+00
3.413425370426525163e+00
3.417668602614081230e+00
3.427380703586731858e+00
3.439602622994118342e+00
3.454318936419485730e+00
3.472644819059707899e+00
3.492465081114365155e+00
3.511912794482597633e+00
3.532380043544201875e+00
3.554894996488852321e+00
3.578406759319832542e+00
3.602598362218655037e+00
3.627986791937594546e+00
3.653721814145815205e+00
3.678660186221448303e+00
3.703279048033237597e+00
3.728385088948031001e+00
3.753746876157529222e+00
3.779105227028327185e+00
3.804609029245781926e+00
3.829868710568566481e+00
3.854221721319886385e+00
3.877786664128028526e+00
3.901091862074312466e+00
3.924219238967090462e+00
3.947054669568915486e+00
3.969617493904991079e+00
3.991709850013777316e+00
4.012965579021670948e+00
4.033397267244001050e+00
4.053338891644297171e+00
4.072963836166839435e+00
4.092268022320458165e+00
4.111248814769634663e+00
4.129799356966086243e+00
4.147720502920530627e+00
4.165002345847526044e+00
4.181853903956007201e+00
4.198445753416272908e+00
4.214825941423462119e+00
4.230996283708499561e+00
4.246893338037365240e+00
4.262403041428564521e+00
4.277510191840414144e+00
4.292340782333151417e+00
4.307027901595120944e+00
4.321629207768485692e+00
4.336148316041801287e+00
4.350539763171227925e+00
4.364728208854263158e+00
4.378692766202865627e+00
4.392502431211446456e+00
4.406246610335553093e+00
4.419971326737428541e+00
4.433675916868077493e+00
4.447320742972642016e+00
4.460846741948026661e+00
4.474226664872458237e+00
