-0.000000000000000000e+00
-3.929618226777836232e-01
-7.797991104408377172e-01
-1.156278559557287533e+00
-1.529936529134885648e+00
-1.895911564573017127e+00
-2.253585199200413225e+00
-2.601542572558789956e+00
-2.937659921960305898e+00
-3.270241743027952896e+00
-3.588709997074890801e+00
-3.901576247528146357e+00
-4.206499265106082852e+00
-4.507725768504359465e+00
-4.800278745445658579e+00
-5.083519944493637865e+00
-5.358435452104595598e+00
-5.640869156599321421e+00
-5.907878772797807265e+00
-6.165985594941048475e+00
-6.415039871314595743e+00
-6.688168928178126471e+00
-6.936136975602138044e+00
-7.173245257389594620e+00
-7.401969674779185659e+00
-7.622994451644920844e+00
-7.836736724843150093e+00
-8.043650707397953070e+00
-8.244178550329694488e+00
-8.438672683163026988e+00
-8.627290065684659837e+00
-8.810989042480807498e+00
-8.993022568117265081e+00
-9.166719367051092249e+00
-9.337928440617298875e+00
-9.503012744067950379e+00
-9.662906492451991625e+00
-9.817910322082731511e+00
-9.968285253132661339e+00
-1.011452253899459919e+01
-1.027792384155590710e+01
-1.041841496649511001e+01
-1.053219641195536305e+01
-1.069371400418545370e+01
-1.079500017789579402e+01
-1.098030012793850574e+01
-1.109075214896733996e+01
-1.116767497316025093e+01
-1.126112106449183159e+01
-1.138168807075341782e+01
-1.150021991489366791e+01
-1.161648293647069607e+01
-1.173643296979133588e+01
-1.184715056468860261e+01
-1.196184357049064495e+01
-1.207641899110675610e+01
-1.219014458541933088e+01
-1.230754768061249571e+01
-1.242570604093769226e+01
-1.257364359171474533e+01
-1.268925294041878260e+01
-1.282302136138713777e+01
-1.300828518437488768e+01
-1.305475622426322069e+01
-1.314443887299889724e+01
-1.325814303260987614e+01
-1.338492351078308928e+01
-1.351208003633028021e+01
-1.364081914039410037e+01
-1.377540855671212228e+01
-1.391232644890047609e+01
-1.402693772623487867e+01
-1.415737225455609583e+01
-1.430173851424725306e+01
-1.444487923790790873e+01
-1.458847904069788015e+01
-1.473355247065006601e+01
-1.490030163875223579e+01
-1.505860645743292459e+01
-1.521519553761581101e+01
-1.537336200534471864e+01
-1.553352748157376340e+01
-1.569582665284768197e+01
-1.586029256127847376e+01
-1.602695328368511696e+01
-1.619585513397514021e+01
-1.636705385532743762e+01
-1.654059107169878118e+01
-1.671647538987951975e+01
-1.689468162962268494e+01
-1.707515446431857953e+01
-1.725779988535196807e+01
-1.744248204323265128e+01
-1.762904492327811923e+01
-1.781734444843428022e+01
-1.800726751742377374e+01
-1.819873254146474650e+01
-1.839167765444306113e+01
-1.858604338358402330e+01
-1.878175668590164094e+01
-1.897872250307014497e+01
-1.917682171266164914e+01
-1.937590171376643511e+01
-1.957570021675670802e+01
-1.977293846597049409e+01
-1.997893934074706479e+01
-2.018137971429252531e+01
-2.038418646816472446e+01
-2.058788564451616310e+01
-2.079256132627494935e+01
-2.099736037510565367e+01
-2.119968267125196704e+01
-2.140223888525779117e+01
-2.160604905320740343e+01
-2.180972156346598823e+01
-2.201617470238205954e+01
-2.222247859104272294e+01
-2.242853528321357715e+01
-2.263435749978247458e+01
-2.283995202374695310e+01
-2.304531429335163040e+01
-2.325044174130411179e+01
-2.345533696377541588e+01
-2.366000879620214548e+01
-2.386447638803916149e+01
-2.406871103414686175e+01
-2.427795971990273216e+01
-2.448262027733002810e+01
-2.468710705046540355e+01
-2.489150326648909584e+01
-2.509584015337914664e+01
-2.530016468375123040e+01
-2.550453508527262514e+01
-2.570901192584631190e+01
-2.591365031478700232e+01
-2.611849674780989261e+01
-2.632358966043203807e+01
-2.652896085695125805e+01
-2.673463655146953144e+01
-2.694063925983579821e+01
-2.714699281996651337e+01
-2.735373114782921178e+01
-2.756090696550926467e+01
-2.776859222837362040e+01
-2.797680699341297839e+01
-2.818701209317176648e+01
-2.839747325187637372e+01
-2.860859062517074847e+01
-2.882096453759732668e+01
-2.903373364877559837e+01
-2.924658361873167323e+01
-2.945951157337855264e+01
-2.967252413591861071e+01
-2.988428673570649963e+01
-3.009507244530232839e+01
-3.031023044115828569e+01
-3.052522424667711931e+01
-3.074064890304491371e+01
-3.095666783861646820e+01
-3.117279135624503894e+01
-3.138921486354409751e+01
-3.161048891034093700e+01
-3.182784445606657897e+01
-3.204492227064770304e+01
-3.226102074119494745e+01
-3.247698609378845447e+01
-3.269337093251053261e+01
-3.291701430344922130e+01
-3.312001770878444518e+01
-3.333848757091832482e+01
-3.354517346676361456e+01
-3.375213066634623971e+01
-3.395940981416671178e+01
-3.416705759961226363e+01
-3.437512449640647105e+01
-3.458365451102572052e+01
-3.479266985051621219e+01
-3.500212606470699228e+01
-3.521175689539601450e+01
-3.542065425875622253e+01
-3.562772833924556437e+01
-3.582732972798918780e+01
-3.604168243451989895e+01
-3.625674799682114013e+01
-3.647117387698927615e+01
-3.668554456806806741e+01
-3.689826333539868841e+01
-3.711635114475383546e+01
-3.733576569044937798e+01
-3.755569542577300979e+01
-3.777603637073425347e+01
-3.799683748229882241e+01
-3.821811656782568178e+01
-3.843988908310476660e+01
-3.866217142640354609e+01
-3.888498118447311924e+01
-3.910833766853271953e+01
-3.933226225000095866e+01
-3.955677793205828152e+01
-3.978190788536802813e+01
-4.000767349317473531e+01
-4.023409556075569071e+01
-4.046121120849785058e+01
-4.068912183688536288e+01
-4.091795193277567932e+01
-4.114716354345288352e+01
-4.137524704825567312e+01
-4.160225676400574457e+01
-4.182810899302567265e+01
-4.205905310641554706e+01
-4.228844924144658535e+01
-4.251734384461381921e+01
-4.275414802882907850e+01
-4.298737541739799894e+01
-4.321290413422838839e+01
-4.343253500298065006e+01
-4.363952635473041397e+01
-4.384222437093656310e+01
-4.404736256291704422e+01
-4.425508843929550551e+01
-4.446499620131982766e+01
-4.467629064050493071e+01
-4.488881115981281766e+01
-4.510269552847122299e+01
-4.531723510409268130e+01
-4.553201700144442299e+01
-4.574675397655330045e+01
-4.596161455123274919e+01
-4.617379237245685886e+01
-4.641447339949724693e+01
-4.664154796068986286e+01
-4.686746271556508248e+01
-4.709334224537463598e+01
-4.731940451504883782e+01
-4.754690735998242701e+01
-4.778234776208783785e+01
-4.801677739130413158e+01
-4.824854449838359471e+01
-4.849284323485554893e+01
-4.872611251486141271e+01
-4.894947379238687546e+01
-4.917875577793186892e+01
-4.940759042806508461e+01
-4.963395400096202081e+01
-4.985826420912649581e+01
-5.008344221574515842e+01
-5.032140900295958374e+01
-5.056687676064416337e+01
-5.080557905128797813e+01
-5.104489293416108353e+01
-5.128386391406295530e+01
-5.151316000463310729e+01
-5.176448183886195409e+01
-5.200649632146311063e+01
-5.224902232404575386e+01
-5.249281071018506850e+01
-5.273767091054757827e+01
-5.298337797814282624e+01
-5.322989764324977102e+01
-5.347803946771738737e+01
-5.373646316437453407e+01
-5.399063502943037207e+01
-5.425106291521373691e+01
-5.450873542408688621e+01
-5.476458383759356963e+01
-5.501875451936886208e+01
-5.527119851811014684e+01
-5.552184073592177072e+01
-5.577064357289651042e+01
-5.601764999460814209e+01
-5.626300934982943858e+01
-5.650698366770427583e+01
-5.674993530995051572e+01
-5.699229366264646757e+01
-5.723449520962456205e+01
-5.747686728636000453e+01
-5.770851430073403066e+01
-5.796741374496532018e+01
-5.821649025023733515e+01
-5.846447454971765723e+01
-5.871182691120108643e+01
-5.895886135906209091e+01
-5.920556130192747446e+01
-5.945184643977340500e+01
-5.969760777589455358e+01
-5.994268133396319342e+01
-6.018683819512854427e+01
-6.042959695555647670e+01
-6.066536574880083066e+01
-6.090713205829641907e+01
-6.114775000780917225e+01
-6.138680749221690292e+01
-6.162381833686725230e+01
-6.185896761263909838e+01
-6.209314916185302025e+01
-6.232737461460329342e+01
-6.256228266532353643e+01
-6.279811332573165572e+01
-6.303492824937180927e+01
-6.327277747869253233e+01
-6.351175088111438072e+01
-6.375194270538801078e+01
-6.399333231414598089e+01
-6.423524390623414604e+01
-6.448969019787644186e+01
-6.473821601882477239e+01
-6.498535838817745969e+01
-6.523300409083908846e+01
-6.548978531130457270e+01
-6.575604296588871023e+01
-6.601228479717465802e+01
-6.626142220985332187e+01
-6.652560035901640845e+01
-6.678864985064207360e+01
-6.705025457181426418e+01
-6.731059041295171141e+01
-6.756934025785322717e+01
-6.782564323467943268e+01
-6.807879930086579634e+01
-6.832869235548638187e+01
-6.857564168915531866e+01
-6.882001469770966651e+01
-6.906233465460458376e+01
-6.930434672207896085e+01
-6.958717333279651029e+01
-6.983587682848889244e+01
-7.008342981743491862e+01
-7.032807294588808134e+01
-7.056951627974717667e+01
-7.080879748705632437e+01
-7.104730135306452610e+01
-7.128586129505383440e+01
-7.152152984392745338e+01
-7.177937198288199738e+01
-7.202662710454099226e+01
-7.227130104591539350e+01
-7.251411107644709375e+01
-7.275608858737290063e+01
-7.299784847717788239e+01
-7.323975374370871805e+01
-7.348197101609792981e+01
-7.372451031153801182e+01
-7.396728048602331285e+01
-7.421011789259834757e+01
-7.445277193534232651e+01
-7.469494559891874985e+01
-7.493661664867087779e+01
-7.517865343344394091e+01
-7.541103693991671264e+01
-7.566425880782617241e+01
-7.591889331488268056e+01
-7.617709253138740166e+01
-7.644148813909497164e+01
-7.670840611098287809e+01
-7.697077674025429417e+01
-7.723132065001543367e+01
-7.749071901004667495e+01
-7.774936347550166715e+01
-7.800748576279396218e+01
-7.826508112087317670e+01
-7.852190617849829835e+01
-7.877772302302531671e+01
-7.903262623822872968e+01
-7.928701105894015200e+01
-7.954124984688196776e+01
-7.979551814721722280e+01
-8.004985049663829955e+01
-8.030425769157979232e+01
-8.055879793677236478e+01
-8.081356838956615718e+01
-8.106863505298507278e+01
-8.132395903510985136e+01
-8.157939022088929448e+01
-8.183476849171550782e+01
-8.209005911172457104e+01
-8.234537396116685670e+01
-8.260086825078997208e+01
-8.285664507417293123e+01
-8.311273946256507372e+01
-8.336915034137985003e+01
-8.362587167707035007e+01
-8.388290127512645711e+01
-8.414023097331129009e+01
-8.439783426764668661e+01
-8.465566647481908547e+01
-8.491368207291274928e+01
-8.517185904903672622e+01
-8.543021146488251816e+01
-8.568878051791183736e+01
-8.594761323812979015e+01
-8.620674529886001380e+01
-8.646619584702629879e+01
-8.672597128138791334e+01
-8.698607104276186419e+01
-8.724649075881482929e+01
-8.750722216690778055e+01
-8.776825212420678213e+01
-8.802956353807003609e+01
-8.829113938728265509e+01
-8.855296832513369054e+01
-8.881504859999648716e+01
-8.907738783188106879e+01
-8.933999902984086816e+01
-8.960289556504378083e+01
-8.986608776523831921e+01
-9.012958199252717861e+01
-9.039338136672503765e+01
-9.065748679181903924e+01
-9.092189747980678760e+01
-9.118661101869768970e+01
-9.145162355907851293e+01
-9.171693061798148960e+01
-9.198252844537695694e+01
-9.224841530899929865e+01
-9.251459192162450051e+01
-9.278106071089331408e+01
-9.304782434068680175e+01
-9.331488426808211045e+01
-9.358223993478974023e+01
-9.384988870255988047e+01
-9.411782625876377040e+01
-9.438604714798650264e+01
-9.465454525669736086e+01
-9.492331428654981096e+01
-9.519234833110215277e+01
-9.546164258437150352e+01
-9.573119405075595978e+01
-9.600100204020394301e+01
-9.627106830532873971e+01
-9.654139686228978690e+01
-9.681199369699716328e+01
-9.708286658420709614e+01
-9.735402514454777645e+01
-9.762548112530851085e+01
-9.789724880081496394e+01
-9.816934535925652483e+01
-9.844179110161951485e+01
-9.871460906919728018e+01
-9.898782302901419428e+01
-9.926145081769543310e+01
-9.953548479604698684e+01
-9.980983708111811836e+01
-1.000841902324513626e+02
-1.003575775380444384e+02
-1.006266129358063779e+02
-1.009076782071126814e+02
-1.011788451809849789e+02
-1.014549293600772444e+02
-1.017286688480110541e+02
-1.020027835607400846e+02
-1.022775037058211041e+02
-1.025526692575766674e+02
-1.028279791940152279e+02
-1.031030198100089450e+02
-1.033772623964490833e+02
-1.036501394554523046e+02
-1.039213114033745882e+02
-1.041909653205906352e+02
-1.044597706010089979e+02
-1.047285194030953193e+02
-1.049978417535307074e+02
-1.052681409366152536e+02
-1.055396315963733258e+02
-1.058123826176497744e+02
-1.060863513168403358e+02
-1.063614226690076094e+02
-1.066374587516419723e+02
-1.069143459612792242e+02
-1.071920168680178875e+02
-1.074704370972720113e+02
-1.077495740306381578e+02
-1.080293717516962602e+02
-1.083097425012065713e+02
-1.085905704341676881e+02
-1.088717196322815965e+02
-1.091530420163719697e+02
-1.094343859638314598e+02
-1.097156082379404580e+02
-1.099965894174206653e+02
-1.102772494019748706e+02
-1.105575577190503367e+02
-1.108375344684510679e+02
-1.111172415007218603e+02
-1.113967674831198735e+02
-1.116762120189043088e+02
-1.119556726058414000e+02
-1.122352358480143408e+02
-1.125149726228377176e+02
-1.127949363216423961e+02
-1.130751635379760813e+02
-1.133556769923238221e+02
-1.136364904143434131e+02
-1.139176144293419810e+02
-1.141990616935971588e+02
-1.144808493781826257e+02
-1.147629980907436931e+02
-1.150455279955300369e+02
-1.153284541018524010e+02
-1.156117827176278041e+02
-1.158955102038965492e+02
-1.161796241774715384e+02
-1.164641065667295976e+02
-1.167489369653036562e+02
-1.170340917169225605e+02
-1.173195237362826333e+02
-1.176050746802771982e+02
-1.178901843317985794e+02
-1.181732308747761238e+02
-1.184521302841449995e+02
-1.187337897773580977e+02
-1.190493759524989628e+02
-1.193478878463281490e+02
-1.196423383136299918e+02
-1.199355856398202462e+02
-1.202273786597362317e+02
-1.205169419011772334e+02
-1.208031717989253764e+02
-1.210846790839875950e+02
-1.213600490506564569e+02
-1.216287853615544492e+02
-1.218928594043779441e+02
-1.221563320787478091e+02
-1.224219049045557881e+02
-1.226890900317148692e+02
-1.229540984335515645e+02
-1.232105078996709580e+02
-1.234546097503701247e+02
-1.236899661612391128e+02
-1.240056594536082741e+02
-1.242345274263590937e+02
-1.245149811740840420e+02
-1.248018543421152486e+02
-1.250930918088374710e+02
-1.253817657269128176e+02
-1.256645733000550678e+02
-1.259448514768500331e+02
-1.262309293461244550e+02
-1.265270341344821503e+02
-1.268322617582333010e+02
-1.271427411291322613e+02
-1.274514269125021571e+02
-1.277522212646998270e+02
-1.280435595129648618e+02
-1.283265384990586995e+02
-1.286031138914961502e+02
-1.288759059589734477e+02
-1.291483119767007679e+02
-1.294238667526694826e+02
-1.297049691315908717e+02
-1.299921490266488320e+02
-1.302842727090207120e+02
-1.305793557804226452e+02
-1.308756491304885969e+02
-1.311722727430362170e+02
-1.314691158623780041e+02
-1.317664460447851411e+02
-1.320645986012113440e+02
-1.323638251790887068e+02
-1.326642599935336193e+02
-1.329659399845445193e+02
-1.332688291747028586e+02
-1.335728328029980219e+02
-1.338778115320797326e+02
-1.341836030779188889e+02
-1.344900464713325050e+02
-1.347970010085243757e+02
-1.351043563145947815e+02
-1.354120343355872649e+02
-1.357199857786321218e+02
-1.360281834596284227e+02
-1.363366144753401556e+02
-1.366452726574315761e+02
-1.369541524352636941e+02
-1.372632449094253104e+02
-1.375725365315287831e+02
-1.378820103128508094e+02
-1.381916490409004439e+02
-1.385014396788681665e+02
-1.388113780162407807e+02
-1.391214727088426741e+02
-1.394317480152532198e+02
-1.397422447204086211e+02
-1.400530188967110803e+02
-1.403641383153370441e+02
-1.406756765639021012e+02
-1.409877053267286442e+02
-1.413002858375210167e+02
-1.416134610814094117e+02
-1.419272506437079073e+02
-1.422416499140579731e+02
-1.425566345625913698e+02
-1.428721699857524641e+02
-1.431882241600280850e+02
-1.435047814070779566e+02
-1.438218538539978510e+02
-1.441394848392367010e+02
-1.444577232116087657e+02
-1.447764625203188302e+02
-1.450946118331882531e+02
-1.454069575737458706e+02
-1.457016405275019224e+02
-1.460606508533236081e+02
-1.464174147119963436e+02
-1.467521325594813391e+02
-1.470733613336527412e+02
-1.473815826226777403e+02
-1.476620949618539100e+02
-1.479355304341404747e+02
-1.482211461294233459e+02
-1.485169775307936391e+02
-1.488181655342802685e+02
-1.491214678019291284e+02
-1.494244674414692327e+02
-1.497255930371719899e+02
-1.500244680026811750e+02
-1.503207651179839957e+02
-1.506134268603856015e+02
-1.509014648653222253e+02
-1.511847788694834094e+02
-1.514638733951548204e+02
-1.517391966061321114e+02
-1.520105221596433580e+02
-1.522774091839038988e+02
-1.525408324857902755e+02
-1.528034188126703725e+02
-1.530678656253298016e+02
-1.533358469457001547e+02
-1.536082995433078224e+02
-1.538858236494242817e+02
-1.541684869477281836e+02
-1.544555937722111594e+02
-1.547457943730622389e+02
-1.550373735588016757e+02
-1.553286668855048447e+02
-1.556190205227487979e+02
-1.559108737731879160e+02
-1.562110392219626931e+02
-1.565261462815052766e+02
-1.568567048837355458e+02
-1.571975376722219835e+02
-1.575418898793062681e+02
-1.578853840798149122e+02
-1.582259038076836930e+02
-1.585609389987196778e+02
-1.588852633268791692e+02
-1.591962565285828646e+02
-1.595009721188500578e+02
-1.598122926842895311e+02
-1.601374725173237437e+02
-1.604751983133877218e+02
-1.608203580322747257e+02
-1.611590292029123077e+02
-1.614832066620469107e+02
-1.618021574092877017e+02
-1.621253909369758617e+02
-1.624542758597647492e+02
-1.627866702005318018e+02
-1.631141754425186718e+02
-1.634315639742982000e+02
-1.637446771346284891e+02
-1.640605794019043913e+02
-1.643806909374521865e+02
-1.647026907930552397e+02
-1.650211242636295026e+02
-1.653309510386359875e+02
-1.656335224609254340e+02
-1.659336749701787141e+02
-1.662343367009800374e+02
-1.665363039448036488e+02
-1.668385018266781401e+02
-1.671393665840060407e+02
-1.674396923140963338e+02
-1.677420587636405855e+02
-1.680482521460142777e+02
-1.683581776786368209e+02
-1.686702227825875866e+02
-1.689820706411632898e+02
-1.692919148266274760e+02
-1.695993765037270293e+02
-1.699053498098156467e+02
-1.702111961048620117e+02
-1.705180424991874020e+02
-1.708264133515348249e+02
-1.711361719225878915e+02
-1.714468386487325233e+02
-1.717581242246071724e+02
-1.720702215887465343e+02
-1.723835876577255988e+02
-1.726984404194203364e+02
-1.730144575823986770e+02
-1.733309038607286254e+02
-1.736470859644215921e+02
-1.739629021187519413e+02
-1.742790573165894727e+02
-1.745966452567981548e+02
-1.749164296148078961e+02
-1.752384197243774508e+02
-1.755619579649539048e+02
-1.758862432387162471e+02
-1.762108646649999457e+02
-1.765357460401149297e+02
-1.768607134386244013e+02
-1.771853147521472636e+02
-1.775090070744386992e+02
-1.778315734162175943e+02
-1.781533609799733426e+02
-1.784749425881672664e+02
-1.787965553256157136e+02
-1.791178487604415466e+02
-1.794380601349168671e+02
-1.797563841510947782e+02
-1.800720381129214047e+02
-1.803839584678637777e+02
-1.806907346718713825e+02
-1.809916818862720618e+02
-1.812901248760028352e+02
-1.815949271948768171e+02
-1.819110875468939525e+02
-1.822328250662240805e+02
-1.825512342264869119e+02
-1.828680893896733721e+02
-1.831911100986593226e+02
-1.835239723344835170e+02
-1.838637047921488659e+02
-1.842039780550436774e+02
-1.845413452611697380e+02
-1.848753165103816514e+02
-1.852066438796411489e+02
-1.855378118905533711e+02
-1.858746047986263079e+02
-1.862249869802220417e+02
-1.865907077494881889e+02
-1.869661581955295730e+02
-1.873451885739292209e+02
-1.877171936619742212e+02
-1.880772373115821097e+02
-1.884408862521499657e+02
-1.888196240275378841e+02
-1.892081656020796174e+02
-1.895854855373507917e+02
-1.899521466972115888e+02
-1.903202593550821291e+02
-1.906849603926338546e+02
-1.910320212910379780e+02
-1.913569204277769416e+02
-1.916754514746799885e+02
-1.919959760635979933e+02
-1.923182594972415984e+02
-1.926377758942972491e+02
-1.929612501935540934e+02
-1.932967846108674053e+02
-1.936437633456453113e+02
-1.939947311495431848e+02
-1.943436175950369034e+02
-1.946927378538130711e+02
-1.950451539251219231e+02
-1.954001941081937446e+02
-1.957539572537649235e+02
-1.961050550556290659e+02
-1.964576386614851629e+02
-1.968138238614808699e+02
-1.971703744748132294e+02
-1.975218957284390058e+02
-1.978681335507299366e+02
-1.982122886017422729e+02
-1.985548174242391610e+02
-1.988934211625092132e+02
-1.992281760528774726e+02
-1.995637216910857887e+02
-1.999030487140357479e+02
-2.002446623240597319e+02
-2.005857684081113064e+02
-2.009268513870392781e+02
-2.012695297365467866e+02
-2.016130467755051825e+02
-2.019551127918356599e+02
-2.022954368190742684e+02
-2.026365671530236341e+02
-2.029803793118009878e+02
-2.033261668606953947e+02
-2.036722630129997356e+02
-2.040186781148002240e+02
-2.043662440548309007e+02
-2.047142706598704933e+02
-2.050607935750053912e+02
-2.054050316574256101e+02
-2.057483597845968859e+02
-2.060921273715852919e+02
-2.064360844738448293e+02
-2.067794177255672992e+02
-2.071224864927216913e+02
-2.074661561785978279e+02
-2.078101422903417017e+02
-2.081532609768271982e+02
-2.084951630812326187e+02
-2.088368644432687233e+02
-2.091793290142415742e+02
-2.095225407837721150e+02
-2.098662363578159500e+02
-2.102108775343523916e+02
-2.105571209807054913e+02
-2.109048006184594897e+02
-2.112531487746857977e+02
-2.116018972292232263e+02
-2.119515859124791746e+02
-2.123027323063421932e+02
-2.126552747273369448e+02
-2.130089892043312432e+02
-2.133640680129014413e+02
-2.137208823452699846e+02
-2.140793663094029569e+02
-2.144390129433054994e+02
-2.147994750110011921e+02
-2.151609157525243745e+02
-2.155236668357794940e+02
-2.158877645888208860e+02
-2.162529833220974353e+02
-2.166192139924483797e+02
-2.169865768235264341e+02
-2.173551106934577035e+02
-2.177245435843685186e+02
-2.180945035000250130e+02
-2.184648906157345039e+02
-2.188358968475507993e+02
-2.192076619231715426e+02
-2.195800592313907202e+02
-2.199528757358116593e+02
-2.203260629859553319e+02
-2.206996467859026723e+02
-2.210734589840244837e+02
-2.214471644786051741e+02
-2.218205748657453853e+02
-2.221937331955934951e+02
-2.225666137790443599e+02
-2.229389575989858372e+02
-2.233105232043787964e+02
-2.236812768229252697e+02
-2.240511860599937393e+02
-2.244200786682602029e+02
-2.247878839564881446e+02
-2.251547836410731236e+02
-2.255209675517959056e+02
-2.258864737812634189e+02
-2.262513813336984470e+02
-2.266159125479681791e+02
-2.269802426233003416e+02
-2.273444295046936361e+02
-2.277085964320613414e+02
-2.280729806649344482e+02
-2.284377493693066299e+02
-2.288029330814930802e+02
-2.291685602526856655e+02
-2.295346983156810552e+02
-2.299013389250135049e+02
-2.302683834161606171e+02
-2.306357737376439729e+02
-2.310035330658747625e+02
-2.313716618735928421e+02
-2.317400976406953816e+02
-2.321088000253319876e+02
-2.324777856449402407e+02
-2.328470538860412944e+02
-2.332165601496453178e+02
-2.335862911201401175e+02
-2.339562967376628535e+02
-2.343266186752981923e+02
-2.346972461773924294e+02
-2.350681648760875362e+02
-2.354393888089660720e+02
-2.358109150399636746e+02
-2.361826986992597028e+02
-2.365547029268880976e+02
-2.369269306225324101e+02
-2.372993819940936646e+02
-2.376720229106208535e+02
-2.380448201084994082e+02
-2.384177690729711117e+02
-2.387908646193731670e+02
-2.391640822821262589e+02
-2.395374121664421239e+02
-2.399108776261981859e+02
-2.402845006543782915e+02
-2.406582794085056776e+02
-2.410322133572602183e+02
-2.414063170554805708e+02
-2.417805941007563035e+02
-2.421550248313000964e+02
-2.425295841763781937e+02
-2.429042271849824317e+02
-2.432787925798101014e+02
-2.436526933885858170e+02
-2.440237637303160056e+02
-2.443922955371824912e+02
-2.447800859884685565e+02
-2.451961040455000500e+02
-2.456238338865628634e+02
-2.460481838736888278e+02
-2.464681534006969912e+02
-2.468863089180041186e+02
-2.473012462169259607e+02
-2.477112180735486504e+02
-2.481286355205983796e+02
-2.485650643924298606e+02
-2.490122229090937935e+02
-2.494555488467342172e+02
-2.498898299169220252e+02
-2.503184611920987095e+02
-2.507440671880093532e+02
-2.511688683382343470e+02
-2.515998944949896838e+02
-2.520408045335965426e+02
-2.524853537307137117e+02
-2.529248488027722033e+02
-2.533572247237084412e+02
-2.537871889744518796e+02
-2.542190672720914506e+02
-2.546561146497692221e+02
-2.551011475524931029e+02
-2.555542829624608032e+02
-2.560110183192966815e+02
-2.564650431819782170e+02
-2.569149251892176835e+02
-2.573647983532304693e+02
-2.578183882166991907e+02
-2.582756182269295664e+02
-2.587352791692304095e+02
-2.591969861954935368e+02
-2.596582992111243584e+02
-2.601157728876207216e+02
-2.605701031662770788e+02
-2.610252813784308046e+02
-2.614828591838048055e+02
-2.619411896073541470e+02
-2.623994453841190193e+02
-2.628577161157035675e+02
-2.633147497106978676e+02
-2.637697971098489234e+02
-2.642250186115304018e+02
-2.646829309158355272e+02
-2.651433000699819900e+02
-2.656046486454316664e+02
-2.660667142962309981e+02
-2.665294550766648172e+02
-2.669921179283207948e+02
-2.674548066540957620e+02
-2.679190610514280593e+02
-2.683858506589887156e+02
-2.688547110953800257e+02
-2.693254594943497295e+02
-2.697989468585170698e+02
-2.702757238077996931e+02
-2.707559468533054314e+02
-2.712408582876302603e+02
-2.717324849259361486e+02
-2.722302482467419509e+02
-2.727264158402480234e+02
-2.731141109735696091e+02
-2.736829333654567904e+02
-2.741889095560844680e+02
-2.746722020775220585e+02
-2.751382930030699754e+02
-2.755848604570261955e+02
-2.760291160050759913e+02
-2.764843165284844417e+02
-2.769445484174280523e+02
-2.773913080167794192e+02
-2.778111234704513208e+02
-2.782284424607798314e+02
-2.786564344228436880e+02
-2.790992396715776636e+02
-2.795537169856199284e+02
-2.800095288615612503e+02
-2.804760353087402223e+02
-2.809633245808726656e+02
-2.814710647055018171e+02
-2.819939469280981825e+02
-2.825169176543425351e+02
-2.830247492350241032e+02
-2.835108754341343342e+02
-2.839620872902358997e+02
-2.846778055212566301e+02
-2.849811566816383106e+02
-2.854977597423819589e+02
-2.860152629057822082e+02
-2.865236959672606076e+02
-2.870135689258173102e+02
-2.874563072371938688e+02
-2.878875013568233499e+02
-2.883988378681351037e+02
-2.888969144147624206e+02
-2.894001049823879725e+02
-2.899038337663288303e+02
-2.904032930607930325e+02
-2.908871602936238787e+02
-2.913525120871956346e+02
-2.918077579167379554e+02
-2.922570392407008626e+02
-2.926969280350161853e+02
-2.930946060690940840e+02
-2.938283220386059043e+02
-2.942582654589019739e+02
-2.945344279337929834e+02
-2.950116201194302903e+02
-2.954724251697406316e+02
-2.959272815778701329e+02
-2.963798574999982520e+02
-2.968298502022279877e+02
-2.972717845762898037e+02
-2.976981412364190192e+02
-2.981093449939597804e+02
-2.985133993172486271e+02
-2.989159461868143239e+02
-2.993179097991280742e+02
-2.997173933044759337e+02
-3.001103647545928084e+02
-3.004888155454444814e+02
-3.008170523427090757e+02
-3.015030590092222837e+02
-3.018513716489375724e+02
-3.025329500763627948e+02
-3.031017803459575362e+02
-3.039866885294741792e+02
-3.047413685341588234e+02
-3.056301729767181428e+02
-3.062827850939007703e+02
-3.070122398968426296e+02
-3.077410163135449466e+02
-3.087007192493535968e+02
-3.092710406420970912e+02
-3.097869426621776938e+02
-3.102136460380929179e+02
-3.107532089258907035e+02
-3.112455218564756478e+02
-3.116910410391514574e+02
-3.125222670631671917e+02
-3.132282570668521089e+02
-3.141574023522815082e+02
-3.146548962745723657e+02
-3.151340696359043818e+02
-3.155987534918594974e+02
-3.160505051422354654e+02
-3.164889884407221530e+02
-3.169133153224039461e+02
-3.173233677386769500e+02
-3.177199434613709172e+02
-3.181036054569642602e+02
-3.184731679287335169e+02
-3.188248357120601781e+02
-3.191522068933764444e+02
-3.194292756021920354e+02
-3.200565598357371186e+02
-3.203194173686055137e+02
-3.204116747882396226e+02
-3.205597106847730515e+02
-3.209154165627865609e+02
-3.211920314859444261e+02
-3.214176414397691133e+02
-3.216182420277918368e+02
-3.218162260788997742e+02
-3.220267304643002717e+02
-3.222481094183787604e+02
-3.224715633633466041e+02
-3.231579144927313791e+02
-3.237910030053178616e+02
-3.244714731707955480e+02
-3.251483903177638126e+02
-3.258288735640636560e+02
-3.265156230481449029e+02
-3.271478485603766444e+02
-3.277482504296969523e+02
-3.283300755509297346e+02
-3.288939380802521555e+02
-3.294407717035957148e+02
-3.299725199624856486e+02
-3.304908688661851670e+02
-3.309959565123868401e+02
-3.314863004770260773e+02
-3.319604225667553692e+02
-3.324181902113784304e+02
-3.328594970694413746e+02
-3.332824783041513115e+02
-3.336865471996292740e+02
-3.340763909099419493e+02
-3.344607931586612040e+02
-3.348285792314935634e+02
-3.355600441104865013e+02
-3.357706099688783752e+02
-3.362674604811916765e+02
-3.367546172737756933e+02
-3.372110395350122189e+02
-3.377609069741945405e+02
-3.382002725447725311e+02
-3.386641345761480579e+02
-3.390830835188966716e+02
-3.394800794151923924e+02
-3.398721340538910454e+02
-3.402658182995479024e+02
-3.406635855082379294e+02
-3.410659132951662400e+02
-3.414724445488410538e+02
-3.418826976342562034e+02
-3.422963369597948713e+02
-3.427130894073339391e+02
-3.431325621917792432e+02
-3.435542300920347998e+02
-3.439776823381012036e+02
-3.444029219858197166e+02
-3.448292476171050112e+02
-3.452446556517513727e+02
-3.456937133744964399e+02
-3.461924777947396592e+02
-3.466951859423850237e+02
-3.472406599420718294e+02
-3.477952028464710565e+02
-3.483216764056851389e+02
-3.488292704360715675e+02
-3.493208079481200343e+02
-3.497944416702666217e+02
-3.502795025037125356e+02
-3.508060197582714750e+02
-3.513396298096865848e+02
-3.518645115585129020e+02
-3.523816617223657772e+02
-3.528907476834783097e+02
-3.534087473759826139e+02
-3.539660411595038454e+02
-3.545448324507136704e+02
-3.551231625380768264e+02
-3.556987589523297970e+02
-3.562633835386078545e+02
-3.568469136416351830e+02
-3.575169750217668820e+02
-3.581898671705799302e+02
-3.588250670250013741e+02
-3.594230486885530809e+02
-3.599766590858664017e+02
-3.605244739096860371e+02
-3.611394042307113068e+02
-3.617572398717402962e+02
-3.623581428148245891e+02
-3.629535710784820139e+02
-3.635506526187604663e+02
-3.641599871999005131e+02
-3.648003522268882080e+02
-3.654538788818921375e+02
-3.660852812787712196e+02
-3.666821690004284733e+02
-3.672460145311441124e+02
-3.677964576636901484e+02
-3.683670408409278139e+02
-3.689551218686340235e+02
-3.695417871103609855e+02
-3.701192675971533390e+02
-3.706869520359527428e+02
-3.712641128234371308e+02
-3.718737450587184981e+02
-3.724875076298320664e+02
-3.730829768999526550e+02
-3.736592645593040061e+02
-3.742315548327084684e+02
-3.748230042323556859e+02
-3.754227110777025587e+02
-3.760097538162850697e+02
-3.765817104592179021e+02
-3.771487288213468219e+02
-3.777289352682171852e+02
-3.783227783573864258e+02
-3.789152744596842695e+02
-3.794999642574277914e+02
-3.800792710560338605e+02
-3.806624567334495737e+02
-3.812556353053342377e+02
-3.818500307546944441e+02
-3.824357851747482187e+02
-3.830126583289392670e+02
-3.835896074492658272e+02
-3.841768314295628102e+02
-3.847717372686673230e+02
-3.853651210424687292e+02
-3.859539251176649941e+02
-3.865433452612729752e+02
-3.871415140701636233e+02
-3.877472790256898065e+02
-3.883521347713347609e+02
-3.889521671971882029e+02
-3.895506829497479089e+02
-3.901538436997241774e+02
-3.907621250108347226e+02
-3.913696659853443975e+02
-3.919726767136487524e+02
-3.925731462121488562e+02
-3.931757055512350121e+02
-3.937758671963815118e+02
-3.942748851895788107e+02
-3.950590943206457837e+02
-3.956642618851280986e+02
-3.962772426647578641e+02
-3.968961824342659384e+02
-3.975245664470870111e+02
-3.981810044706541589e+02
-3.988531053151913852e+02
-3.995016746840641986e+02
-4.000713688057511490e+02
-4.011685906801208148e+02
-4.023809095796343627e+02
-4.034248797178872223e+02
-4.043292484515028491e+02
-4.052939712091068145e+02
-4.061954444988579667e+02
-4.074680331916540013e+02
-4.083912375895794753e+02
-4.088542708842337561e+02
-4.091415201003330253e+02
-4.096599938926635787e+02
-4.101798015941550943e+02
-4.106973501549504704e+02
-4.111864952808730891e+02
-4.116765313996100986e+02
-4.122174420138400137e+02
-4.131285093157532060e+02
-4.136453113978528791e+02
-4.138959212801545391e+02
-4.144017792021640503e+02
-4.148411204469156246e+02
-4.152532940445363465e+02
-4.156768668276274639e+02
-4.161149144027116904e+02
-4.165466298194995147e+02
-4.168663564853908952e+02
-4.173533268591208980e+02
-4.178472107993066516e+02
-4.182628543584579575e+02
-4.188699610474256474e+02
-4.191931191593013750e+02
-4.197510599849777009e+02
-4.203222634643376523e+02
-4.208957311903251934e+02
-4.214746740975488137e+02
-4.220540062283270686e+02
-4.226197174046702116e+02
-4.231389739162607952e+02
-4.235436828867854615e+02
-4.241771823616906545e+02
-4.244676480443595210e+02
-4.250183341525649325e+02
-4.252775166020505253e+02
-4.254409487497574673e+02
-4.255874560338410220e+02
-4.257303817475097958e+02
-4.261326301863200001e+02
-4.261758086441468549e+02
-4.264803799334205223e+02
-4.266771968730752178e+02
-4.271785973792713662e+02
-4.275575784414483564e+02
-4.281950568656360474e+02
-4.287432723034245328e+02
-4.295445066472306053e+02
-4.301526301897908411e+02
-4.310575561694662952e+02
-4.319389066140506088e+02
-4.326709252010859927e+02
-4.337648568605795276e+02
-4.345680354878929279e+02
-4.354937998317303709e+02
-4.363724097687352810e+02
-4.372161238433980657e+02
-4.380317295013543912e+02
-4.388074071989751133e+02
-4.395116220093777883e+02
-4.405381396682328727e+02
-4.411975899235980023e+02
-4.420736331309462912e+02
-4.428730700465358154e+02
-4.436345311621270753e+02
-4.443548620958885067e+02
-4.450271300374876091e+02
-4.457080087584660077e+02
-4.464042225693602290e+02
-4.470932365153237811e+02
-4.477301455283168252e+02
-4.482865088639379110e+02
-4.489982016550989101e+02
-4.495068204925333930e+02
-4.501662044206890414e+02
-4.510803556019307052e+02
-4.517869480524922210e+02
-4.524458659398084706e+02
-4.531226766258919270e+02
-4.538146606331977750e+02
-4.544757949950798661e+02
-4.553687593150320936e+02
-4.560636524669747587e+02
-4.575640927326224414e+02
-4.583659265369938112e+02
-4.596329168948659003e+02
-4.606283984212377618e+02
-4.617108047093872187e+02
-4.624052653448508181e+02
-4.636395036471286630e+02
-4.647351367831472544e+02
-4.657233612000488279e+02
-4.665066172593521401e+02
-4.673279353698805494e+02
-4.681677135214359282e+02
-4.689548198963597656e+02
-4.696960000512444822e+02
-4.703784781650418267e+02
-4.711819350103744455e+02
-4.717575404221304893e+02
-4.721781063534921827e+02
-4.726437799860161704e+02
-4.731082167056462140e+02
-4.735692930114914247e+02
-4.740246041475687662e+02
-4.744720562290248722e+02
-4.749111504479763539e+02
-4.753442440915557086e+02
-4.757757537253108353e+02
-4.762100743034666266e+02
-4.766497341116606208e+02
-4.770947711987200250e+02
-4.775436569844721930e+02
-4.779947066215230507e+02
-4.784467859345531338e+02
-4.788992058700762300e+02
-4.793515610367277873e+02
-4.798037637264493469e+02
-4.802559050585060163e+02
-4.807079720360683837e+02
-4.811597258628946179e+02
-4.816107526620629642e+02
-4.820603158033267164e+02
-4.825068016719918091e+02
-4.829478553943826000e+02
-4.833824491869098097e+02
-4.838119486736183035e+02
-4.842253810779762944e+02
-4.849007106403366834e+02
-4.854372081812322790e+02
-4.858951157735218658e+02
-4.862993818369010341e+02
-4.864366953780165659e+02
-4.869755630591315594e+02
-4.874420817050939831e+02
-4.880305843449775693e+02
-4.884962748805953652e+02
-4.893237174872851369e+02
-4.899470705766557899e+02
-4.909690264198954992e+02
-4.919245510806578636e+02
-4.928399801708456494e+02
-4.937080114150137433e+02
-4.945349920572147084e+02
-4.953302224920629442e+02
-4.961806808181581800e+02
-4.969729830821369205e+02
-4.976584628914820883e+02
-4.980497208102664786e+02
-4.990323934266681931e+02
-4.997473432077370603e+02
-5.005749375619234911e+02
-5.013723465142401210e+02
-5.021243251623034212e+02
-5.028325108341574605e+02
-5.034101203187580040e+02
-5.042690706795714846e+02
-5.048771338272526350e+02
-5.058458194769813758e+02
-5.063720160461771229e+02
-5.068163525152318698e+02
-5.073556190069139120e+02
-5.078293764548661215e+02
-5.082447794263550236e+02
-5.084946974216621243e+02
-5.092232905396185743e+02
-5.096670012399812890e+02
-5.100912511764358328e+02
-5.105138437959852808e+02
-5.108938504925652069e+02
-5.116289937639058962e+02
-5.119712156161389771e+02
-5.131779601259773926e+02
-5.144155131327887602e+02
-5.151443993382504232e+02
-5.164655027650292141e+02
-5.175884634681534635e+02
-5.186079298493285705e+02
-5.196626281333316228e+02
-5.205491768546668254e+02
-5.210982613343879848e+02
-5.222235719836874068e+02
-5.230555634431480030e+02
-5.236141918609229151e+02
-5.242217582351738656e+02
-5.248515839639284195e+02
-5.253248142805724683e+02
-5.262127953456267733e+02
-5.267545742239389028e+02
-5.272367913336022411e+02
-5.279430841641035386e+02
-5.285898998145395353e+02
-5.293332804568523215e+02
-5.299830571697417554e+02
-5.308186335238318634e+02
-5.316004484679154984e+02
-5.318785134099422294e+02
-5.327308225638814747e+02
-5.336104014819402437e+02
-5.343214740648955967e+02
-5.352152575187973298e+02
-5.360422168420448088e+02
-5.368172949713565458e+02
-5.375265715710327186e+02
-5.381633425150475887e+02
-5.389101584475171194e+02
-5.395377905118068611e+02
-5.403109397673940748e+02
-5.409326286995873261e+02
-5.414698501733345211e+02
-5.419459777711174411e+02
-5.423583575433134456e+02
-5.426776846483384134e+02
-5.432748764182802006e+02
-5.435456794888242484e+02
-5.440213631365528499e+02
-5.444277448681120859e+02
-5.448115320517078999e+02
-5.451763413738725603e+02
-5.454909541447478887e+02
-5.460015127259558767e+02
-5.462715725364419086e+02
-5.467778212232063879e+02
-5.472489318574257595e+02
-5.476906553058942109e+02
-5.481267828459000384e+02
-5.490208606983796926e+02
-5.494422707188876984e+02
-5.500124693142914793e+02
-5.506637703303622402e+02
-5.513132004264534771e+02
-5.519662641256493316e+02
-5.526230095318667281e+02
-5.532830227742620082e+02
-5.539454896592221758e+02
-5.546092489306242896e+02
-5.552729348356509718e+02
-5.559351152183235172e+02
-5.565943430622611459e+02
-5.572491575144451872e+02
-5.578981216553409013e+02
-5.585399135152580357e+02
-5.591734062706109398e+02
-5.597976869647894773e+02
-5.604119812511088412e+02
-5.610131328409713660e+02
-5.614982737973743951e+02
-5.625441325909216630e+02
-5.627562982596020902e+02
-5.633024861449545142e+02
-5.638351866715669303e+02
-5.643534487184833779e+02
-5.648568892454735533e+02
-5.653457443955907138e+02
-5.658203646695343423e+02
-5.662797431889749760e+02
-5.667040227082335377e+02
-5.669916946509328000e+02
-5.679911677116824649e+02
-5.684360718298426036e+02
-5.693176945043635442e+02
-5.696195157490734573e+02
-5.702158938240356747e+02
-5.707983701728937831e+02
-5.713745844480262122e+02
-5.719467833809961803e+02
-5.725128495282957601e+02
-5.730691290738967609e+02
-5.736157353004823563e+02
-5.741577236919314373e+02
-5.747014063673108240e+02
-5.752501404538846828e+02
-5.758035659856516304e+02
-5.763573219373031407e+02
-5.768945240013287048e+02
-5.773897709403959198e+02
-5.780035376692549107e+02
-5.786527831300689968e+02
-5.793054115646183391e+02
-5.801172259298733707e+02
-5.808705578331056358e+02
-5.815901615900156685e+02
-5.822777538787742060e+02
-5.829337075299127946e+02
-5.835562388292883043e+02
-5.841434236774092597e+02
-5.846970619368501048e+02
-5.852223341329167852e+02
-5.857246610970256597e+02
-5.862079012469739610e+02
-5.866727375930366861e+02
-5.871083721453130693e+02
-5.874442853240715294e+02
-5.878692695152798251e+02
-5.883852280067683296e+02
-5.886957717905405616e+02
-5.889814048944467686e+02
-5.893143356547805070e+02
-5.899015008532091997e+02
-5.914451213680182491e+02
-5.926408148133040186e+02
-5.938593943081571069e+02
-5.947660715079141482e+02
-5.957267513496386755e+02
-5.969552215112161093e+02
-5.981728109331085079e+02
-5.985021038621101752e+02
-5.993308966349640059e+02
-6.000119307054465025e+02
-6.006290998217795050e+02
-6.010454071980125264e+02
-6.013957422437723608e+02
-6.017077142777519612e+02
-6.019543938245948311e+02
-6.021477409833308911e+02
-6.023239070431703794e+02
-6.025070254089793025e+02
-6.026077434679090175e+02
-6.030531325182887485e+02
-6.030910286554037611e+02
-6.032583291328858195e+02
-6.034440309848848756e+02
-6.036442451171875518e+02
-6.036336261045512401e+02
-6.040317002317893866e+02
-6.042457262582614703e+02
-6.044389441369014548e+02
-6.048415460878456997e+02
-6.050901846562960600e+02
-6.054635959407288510e+02
-6.058342380205483551e+02
-6.062076217126464144e+02
-6.065814162928170390e+02
-6.069533902654546864e+02
-6.073224370798274094e+02
-6.076900266242723774e+02
-6.080612186029587747e+02
-6.084434608976345089e+02
-6.088447314734759175e+02
-6.092734198969550334e+02
-6.097389829708841944e+02
-6.102494265777982037e+02
-6.107991614488882988e+02
-6.113156923570194294e+02
-6.122064745831232813e+02
-6.128409665852465196e+02
-6.137119372512373729e+02
-6.145432018062024326e+02
-6.154055870118278335e+02
-6.162892817028908894e+02
-6.171507587370280135e+02
-6.179760618198122302e+02
-6.187635292488834011e+02
-6.195146985827258277e+02
-6.202452950283300197e+02
-6.209782769465225556e+02
-6.217048014229487762e+02
-6.223926043018710743e+02
-6.228776449919447487e+02
-6.240058606504119325e+02
-6.245782014479472082e+02
-6.247947127900160922e+02
-6.258183135465546911e+02
-6.265733429968513519e+02
-6.272584695587613624e+02
-6.279083231575991704e+02
-6.284383906241621389e+02
-6.295215058797713255e+02
-6.298313297668825044e+02
-6.305495194375820347e+02
-6.311838860552629740e+02
-6.318973627459178033e+02
-6.328587234633921526e+02
-6.335845992368056159e+02
-6.344171909195371200e+02
-6.352094505190543714e+02
-6.359582322083931558e+02
-6.366228909498943267e+02
-6.373237790669047627e+02
-6.382455946958716595e+02
-6.391045479469786414e+02
-6.399183733116447002e+02
-6.406887516146056214e+02
-6.413718450366850448e+02
-6.418505229805360841e+02
-6.428466347765540831e+02
-6.442412511955627679e+02
-6.452713980192819463e+02
-6.461988518138308564e+02
-6.470592611028375813e+02
-6.478595099756889795e+02
-6.484876430501772120e+02
-6.495593730554877538e+02
-6.499972510348956121e+02
-6.506126866001487770e+02
-6.512122002091693957e+02
-6.517722413438378908e+02
-6.523233909764428518e+02
-6.531290652442767168e+02
-6.539044284371307185e+02
-6.546809237390176577e+02
-6.553001470213199582e+02
-6.565181890325188760e+02
-6.573943010884506748e+02
-6.582377960268736388e+02
-6.590283206674801022e+02
-6.596528487091273973e+02
-6.603142028408284432e+02
-6.609516134697475991e+02
-6.624449034481596073e+02
-6.631863317489079463e+02
-6.637690647829056161e+02
-6.648343925083170234e+02
-6.656428453089652066e+02
-6.663320436014224697e+02
-6.672350042991470218e+02
-6.680397252427189869e+02
-6.687850680050839856e+02
-6.694648191297865196e+02
-6.701051366406966281e+02
-6.708295331894946685e+02
-6.715209053597977800e+02
-6.720765795002126879e+02
-6.729501073738236983e+02
-6.736422116959847699e+02
-6.743280175371028236e+02
-6.750653750731322589e+02
-6.757721981988554489e+02
-6.763203018006167895e+02
-6.772902420735158557e+02
-6.780255281106932443e+02
-6.784320659056467093e+02
-6.793251692847877621e+02
-6.799449215716184654e+02
-6.810658003114394887e+02
-6.818419889483151337e+02
-6.824589476450044003e+02
-6.827456761440373612e+02
-6.837783427603355904e+02
-6.843038221202526756e+02
-6.847812422428823993e+02
-6.852254463624529990e+02
-6.856275878552297627e+02
-6.859271021561368116e+02
-6.861375901127106545e+02
-6.882771615856995595e+02
-6.887765977200330099e+02
-6.901729310454369397e+02
-6.914750602315217520e+02
-6.926714202979212587e+02
-6.937379596412309866e+02
-6.946444154323000930e+02
-6.953713111107754230e+02
-6.959461092619427518e+02
-6.964403445324962831e+02
-6.968955486999067261e+02
-6.972879067431559861e+02
-6.975982130003442307e+02
-6.978530196372496448e+02
-6.980832950416805716e+02
-6.983013509410999404e+02
-6.985069528457190700e+02
-6.986971599482081956e+02
-6.988725463141222463e+02
-6.990369364860441692e+02
-6.991939921272337415e+02
-6.993433024615529803e+02
-6.993895577354699071e+02
-7.000514057816836839e+02
-6.998126286774322580e+02
-7.003746759309402705e+02
-7.007853659347586017e+02
-7.011982192105159584e+02
-7.015913120228942716e+02
-7.018323464770975306e+02
-7.022579290194515806e+02
-7.029604922232983881e+02
-7.034568271480733301e+02
-7.038838744058970178e+02
-7.043507032967401074e+02
-7.062757410749970859e+02
-7.083766928716947859e+02
-7.097149704535945602e+02
-7.104909267551174707e+02
-7.111850710100052311e+02
-7.127161024104897251e+02
-7.127314605308300770e+02
-7.126887084629523770e+02
-7.134832626100965172e+02
-7.139727928671488826e+02
-7.148062330982162393e+02
-7.153132169369074518e+02
-7.160383012936349587e+02
-7.166761091813627900e+02
-7.170228524437117130e+02
-7.175880744822006818e+02
-7.182897733946613243e+02
-7.187911442674327418e+02
-7.187408844055021291e+02
-7.194933973977941832e+02
-7.201106642297996814e+02
-7.205441790080107012e+02
-7.211003866836616680e+02
-7.216125639506427660e+02
-7.220319552661007947e+02
-7.224003664809105203e+02
-7.227479332079526557e+02
-7.231421656300052518e+02
-7.234271445758577102e+02
-7.238132450671663491e+02
-7.247168595371947504e+02
-7.252307456636366396e+02
-7.257498956172073576e+02
-7.262128422443349791e+02
-7.262498757019316145e+02
-7.268066307408167859e+02
-7.272402822694422184e+02
-7.276818978097367108e+02
-7.281048055013103522e+02
-7.287447027404124356e+02
-7.293035363966610021e+02
-7.297649535799951082e+02
-7.302404980017624894e+02
-7.308678540566331776e+02
-7.314595127483115675e+02
-7.320282814514438314e+02
-7.325634171342603622e+02
-7.330928731653193609e+02
-7.337562181427759924e+02
-7.343954224753600784e+02
-7.349635638897375429e+02
-7.354986910976972467e+02
-7.361259452502115437e+02
-7.368925027361092361e+02
-7.377062967721648192e+02
-7.384820824081094770e+02
-7.392012550159065540e+02
-7.399056354136279197e+02
-7.418732211611393268e+02
-7.428084150504812442e+02
-7.437707903571641737e+02
-7.455578246570397596e+02
-7.465855053428807651e+02
-7.475236276833602460e+02
-7.484878478740083665e+02
-7.494270589932034454e+02
-7.502768138664928301e+02
-7.509630137699092529e+02
-7.521305799362686457e+02
-7.523865084586120702e+02
-7.533685398923480534e+02
-7.539272510129998182e+02
-7.552599287237715089e+02
-7.561686941293085056e+02
-7.574709629090301632e+02
-7.581766040094104255e+02
-7.591478852233254884e+02
-7.598665626328737517e+02
-7.608434923608507461e+02
-7.612014184766362632e+02
-7.622026450696706661e+02
-7.630560981747368032e+02
-7.639926851577263278e+02
-7.652475785642975552e+02
-7.662305031877568808e+02
-7.668852659808004546e+02
-7.682121388326966098e+02
-7.687379619522733947e+02
-7.693562774506236792e+02
-7.698286985872638297e+02
-7.704997313251817559e+02
-7.714072100782440202e+02
-7.721923493450111664e+02
-7.728313339898102186e+02
-7.734402867835221969e+02
-7.741701617550434094e+02
-7.747956039656062330e+02
-7.753876201043474339e+02
-7.759476048367939711e+02
-7.763424243442077568e+02
-7.768747384584733027e+02
-7.781971586423229610e+02
-7.798294259208097401e+02
-7.815980849146961873e+02
-7.821691668283015133e+02
-7.838268609510695342e+02
-7.843195289577162157e+02
-7.853627537249354873e+02
-7.868941729961808278e+02
-7.879574664861903557e+02
-7.893000566803731317e+02
-7.905360269846227084e+02
-7.914639745156125628e+02
-7.923759362472933390e+02
-7.932587245928294806e+02
-7.946050771185423400e+02
-7.958335902723540585e+02
-7.964700186545508132e+02
-7.973115342063630351e+02
-7.979631877109553670e+02
-7.995087165147692758e+02
-8.003813022372856949e+02
-8.013267351267188587e+02
-8.019941795750240772e+02
-8.024414197316231139e+02
-8.034356199602551669e+02
-8.040457158096687635e+02
-8.045070385965273090e+02
-8.050566733090590787e+02
-8.055801228005329904e+02
-8.058583636023715826e+02
-8.063351578575897065e+02
-8.067477098656753469e+02
-8.071234046242627755e+02
-8.075198838471202407e+02
-8.079415387200799614e+02
-8.083696712724848794e+02
-8.087858742630161260e+02
-8.091847538625190737e+02
-8.095702046146246857e+02
-8.099400791453949751e+02
-8.102787503434451537e+02
-8.106015340423751923e+02
-8.110844712138755312e+02
-8.115249017077470626e+02
-8.121700974765824412e+02
-8.127798972570747083e+02
-8.133135321423402502e+02
-8.138072753119753315e+02
-8.142778422225514987e+02
-8.147328532478539955e+02
-8.151782755580283037e+02
-8.156192804975557920e+02
-8.160575949522424253e+02
-8.164893262726337753e+02
-8.169043874896998432e+02
-8.172870296394481784e+02
-8.176340926353078657e+02
-8.180137705034524060e+02
-8.185019946079916053e+02
-8.190517002848838501e+02
-8.195982144970732861e+02
-8.201207563702763537e+02
-8.206243567312216101e+02
-8.211132443812803103e+02
-8.215870437475057315e+02
-8.220439384799267373e+02
-8.224892342161547276e+02
-8.229463418184567445e+02
-8.234479291061549020e+02
-8.239869523507518352e+02
-8.245257299428559463e+02
-8.250441628945133061e+02
-8.255390440468876250e+02
-8.260121907558054772e+02
-8.264669642141454915e+02
-8.269118355462572936e+02
-8.273650950055433668e+02
-8.278476095655569225e+02
-8.283567017734120554e+02
-8.288695835472037743e+02
-8.293709408616485916e+02
-8.298568522795197850e+02
-8.303295931584488017e+02
-8.307959690995481878e+02
-8.312682745102587205e+02
-8.317600068634532136e+02
-8.322714818035274220e+02
-8.327877861192974933e+02
-8.332954936809143192e+02
-8.337891913972296152e+02
-8.342700843829015867e+02
-8.347449085851285417e+02
-8.352245093678983494e+02
-8.357166990909564674e+02
-8.362171970749573120e+02
-8.367152105986857578e+02
-8.372036198826398277e+02
-8.376816587721457381e+02
-8.381542497736572841e+02
-8.386302178807704877e+02
-8.391166442692025385e+02
-8.396116999609309914e+02
-8.401073399843588732e+02
-8.405974513842636497e+02
-8.410811390836732926e+02
-8.415624308577270085e+02
-8.420480568141418871e+02
-8.425421381007189439e+02
-8.430416053290309719e+02
-8.435396882884396064e+02
-8.440320742535756153e+02
-8.445192152519049387e+02
-8.450055388228427091e+02
-8.454961705089682482e+02
-8.459920900166409865e+02
-8.464892400479008074e+02
-8.469831524714784337e+02
-8.474727599308364461e+02
-8.479608431193273645e+02
-8.484517866061564746e+02
-8.489476576067223732e+02
-8.494463188082361285e+02
-8.499442355310602579e+02
-8.504400719231423409e+02
-8.509356583253828603e+02
-8.514342503679951051e+02
-8.519371676578434744e+02
-8.524414797182502070e+02
-8.529401412678168981e+02
-8.534214273418413086e+02
-8.538681367550299228e+02
-8.542728515834672862e+02
-8.546764385033893632e+02
-8.551479237483090401e+02
-8.557037177036791036e+02
-8.563009843238947951e+02
-8.568911673773137636e+02
-8.574562806856547468e+02
-8.579995397854195289e+02
-8.585300842920262312e+02
-8.590547552472970665e+02
-8.595749128438837943e+02
-8.600883572242576065e+02
-8.605938972675184004e+02
-8.610943915228507421e+02
-8.615965118357908068e+02
-8.621072357734179832e+02
-8.626301470503210567e+02
-8.631655239770598200e+02
-8.637125482449290530e+02
-8.642695789477739936e+02
-8.648327305648298307e+02
-8.653960600661464468e+02
-8.659542209548122855e+02
-8.665048417393234104e+02
-8.670486723574857706e+02
-8.675880126518208044e+02
-8.681251910425762617e+02
-8.686625261020350308e+02
-8.692028413079617621e+02
-8.697487074452243405e+02
-8.703006769715389055e+02
-8.708564456540822221e+02
-8.714122766080356541e+02
-8.719654505938123066e+02
-8.725153776687338905e+02
-8.730627786010272757e+02
-8.736082986196362299e+02
-8.741521787507734871e+02
-8.746950560251852949e+02
-8.752385313020248532e+02
-8.757845941871642026e+02
-8.763344133535362062e+02
-8.768877442562212536e+02
-8.774434346272231551e+02
-8.780002250054085380e+02
-8.785569813747392800e+02
-8.791124438481477910e+02
-8.796651980940831663e+02
-8.802141664875310880e+02
-8.807591083714073648e+02
-8.813005642400481747e+02
-8.818393406827843819e+02
-8.823761124906511668e+02
-8.829114556352410546e+02
-8.834460047754722609e+02
-8.839803039406431253e+02
-8.845143934287596039e+02
-8.850475794941140748e+02
-8.855786557995298836e+02
-8.861063421418593862e+02
-8.866295284699435797e+02
-8.871472197474170116e+02
-8.876584266238861574e+02
-8.881621969997781889e+02
-8.886575559698238749e+02
-8.891558207152730802e+02
-8.919376907686397544e+02
-8.935690673669164426e+02
-8.951876057178809560e+02
-8.966657918635145279e+02
-8.980185240888117733e+02
-8.991756768967466087e+02
-9.001451621831189414e+02
-9.015893593146846570e+02
-9.018104744374810480e+02
-9.024183206406836462e+02
-9.029604582877435632e+02
-9.034943083981245309e+02
-9.041172213709323842e+02
-9.045608978808254506e+02
-9.045999390535254179e+02
-9.045670068426945818e+02
-9.045309505110545842e+02
-9.044626758334167107e+02
-9.043242768087425247e+02
-9.039624614361667909e+02
-9.031165175692742650e+02
-9.030266484215130731e+02
-9.024822223967547643e+02
-9.020362508421305847e+02
-9.021726434623288924e+02
-9.022570767047518530e+02
-9.024543711237449770e+02
-9.025363330389951670e+02
-9.025643817563535549e+02
-9.025644308069956878e+02
-9.025448496125156908e+02
-9.025102439982931628e+02
-9.024629115299109117e+02
-9.024107676832011293e+02
-9.023686444030504390e+02
-9.023463012114740422e+02
-9.023444066442369831e+02
-9.023623253417198384e+02
-9.024037392573867464e+02
-9.024722361925612404e+02
-9.025636551718480405e+02
-9.026672766689137006e+02
-9.027748983659679425e+02
-9.028843242386320753e+02
-9.029953515777233406e+02
-9.031068551043787238e+02
-9.032177153041650399e+02
-9.033277525358711273e+02
-9.034367465046082089e+02
-9.035438127990090607e+02
-9.036484107072302550e+02
-9.037510803183666894e+02
-9.038526843187886470e+02
-9.039536630999183444e+02
-9.040544984221551204e+02
-9.041562146463037379e+02
-9.042597351426014711e+02
-9.043649769033102075e+02
-9.044708887210346120e+02
-9.045759237545876204e+02
-9.046778849679118366e+02
-9.047733075268307630e+02
-9.048570419006125576e+02
-9.049218928537953843e+02
-9.049585253445977742e+02
-9.049603871115508582e+02
-9.049477859761728951e+02
-9.050053049862315220e+02
-9.052108946889213712e+02
-9.053945875391360687e+02
-9.055412412095830632e+02
-9.056439788509418349e+02
-9.057133762887243620e+02
-9.057579872440014697e+02
-9.057831542256906232e+02
-9.057925659143029407e+02
-9.057889802156606720e+02
-9.057742854395270342e+02
-9.057493195027858519e+02
-9.057142193862001704e+02
-9.056717535588934425e+02
-9.056344480984736265e+02
-9.056062047712292724e+02
-9.055842482820942223e+02
-9.055808323723161948e+02
-9.055848402786546103e+02
-9.055953989544327669e+02
-9.059029010365375143e+02
-9.049130335317744311e+02
-9.042474413738038947e+02
-9.046185245168319398e+02
-9.052555453527629652e+02
-9.054663857544614984e+02
-9.063709475685150210e+02
-9.073782508075803435e+02
-9.086670346135329055e+02
-9.104969169210854716e+02
-9.099010581049078610e+02
-9.101561589672101036e+02
-9.108924705454162449e+02
-9.115587254378961006e+02
-9.124907426303467446e+02
-9.128697039764929286e+02
-9.133186373707803796e+02
-9.139512004283642455e+02
-9.149679939263899087e+02
-9.153028779462587181e+02
-9.156595352920037385e+02
-9.160140381627101078e+02
-9.162929521666455912e+02
-9.162897327830124823e+02
-9.163347633739062985e+02
-9.167568852543752200e+02
-9.168699162412769965e+02
-9.167968251190613955e+02
-9.167790810890836610e+02
-9.170203923437009053e+02
-9.172121962614969561e+02
-9.173368694672658421e+02
-9.174179397951025976e+02
-9.174770384987200487e+02
-9.175262755883808268e+02
-9.175520476751291881e+02
-9.175017018825797095e+02
-9.173624698985196346e+02
-9.172766659943663399e+02
-9.177892367345900766e+02
-9.175838401602776457e+02
-9.180783945962629105e+02
-9.182229624280388407e+02
-9.183019613981502971e+02
-9.184025106004270356e+02
-9.185128825043929055e+02
-9.185803838368876768e+02
-9.185954833208842274e+02
-9.185788896702334796e+02
-9.185462083855397850e+02
-9.185029956387998027e+02
-9.184507478296384306e+02
-9.183934665048342367e+02
-9.183395647079520359e+02
-9.182964033989486552e+02
-9.182651289899470157e+02
-9.182425218757867924e+02
-9.182250047788548954e+02
-9.182106386656805626e+02
-9.182006137531193417e+02
-9.182010704293912795e+02
-9.182168107472087968e+02
-9.182447253341097166e+02
-9.182862492570658333e+02
-9.183351315276545392e+02
-9.183827308817553785e+02
-9.184249783997382792e+02
-9.184606205048511356e+02
-9.184894313290185437e+02
-9.185114939021824512e+02
-9.185269589230265410e+02
-9.185359844293213882e+02
-9.185387613833911473e+02
-9.185355723158962746e+02
-9.185268640641224920e+02
-9.185133733557004234e+02
-9.184963501925235505e+02
-9.184777933903393432e+02
-9.184602864309880488e+02
-9.184459802269745978e+02
-9.184357443716404532e+02
-9.184296516796460992e+02
-9.184268946635332895e+02
-9.184256804376632317e+02
-9.184242836867357482e+02
-9.184217406670863966e+02
-9.184178116374503134e+02
-9.184127547348695089e+02
-9.184072007447542774e+02
-9.184021575314638994e+02
-9.183990383741892174e+02
-9.183995145803471587e+02
-9.184050604944509359e+02
-9.184164222266977049e+02
-9.184334015361009733e+02
-9.184549447094938159e+02
-9.184794782102494537e+02
-9.185054653818910992e+02
-9.185318470693152904e+02
-9.185581755998548488e+02
-9.185845616175240593e+02
-9.186115695814759192e+02
-9.186400742777383357e+02
-9.186710249843381462e+02
-9.187051325718591670e+02
-9.187426203570447569e+02
-9.187831524688110676e+02
-9.188259310314324466e+02
-9.188699395560734047e+02
-9.189142568155963318e+02
-9.189582941624394152e+02
-9.190018857012203171e+02
-9.190452587913118805e+02
-9.190889233991000538e+02
-9.191334969430967021e+02
-9.191794923320268254e+02
-9.192271344615504631e+02
-9.192762769516825756e+02
-9.193264505491295040e+02
-9.193770224788188443e+02
-9.194273995056848889e+02
-9.194771922841467813e+02
-9.195262932938893528e+02
-9.195748665168155185e+02
-9.196232676966335475e+02
-9.196719189280084947e+02
-9.197211701731778248e+02
-9.197711901179541201e+02
-9.198219229877322505e+02
-9.198731237266823655e+02
-9.199244540969270929e+02
-9.199756000312244169e+02
-9.200263670086394541e+02
-9.200767265346210024e+02
-9.201268088649568426e+02
-9.201768519889765230e+02
-9.202271245936059358e+02
-9.202778457020042424e+02
-9.203291250451898122e+02
-9.203809420263942229e+02
-9.204331675680476792e+02
-9.204856178092388745e+02
-9.205381184620482600e+02
-9.205905578193275005e+02
-9.206429138473139346e+02
-9.206952512311713690e+02
-9.207476929809632793e+02
-9.208003769303493300e+02
-9.208534105441985957e+02
-9.209068375223444036e+02
-9.209606258502903984e+02
-9.210146797146572908e+02
-9.210688696587516233e+02
-9.211230697844212045e+02
-9.211771897506951063e+02
-9.212311925353636752e+02
-9.212850944111847866e+02
-9.213389491380589789e+02
-9.213928226113060873e+02
-9.214467664403864546e+02
-9.215007987140219257e+02
-9.215548974808942830e+02
-9.216090080162251752e+02
-9.216630603340204289e+02
-9.217169903567576057e+02
-9.217707576674646361e+02
-9.218243546831320145e+02
-9.218778053482933501e+02
-9.219311548034398811e+02
-9.219844540022153296e+02
-9.220377443961058361e+02
-9.220910473672082617e+02
-9.221443612463492627e+02
-9.221976661268283806e+02
-9.222509341797396019e+02
-9.223041416336335487e+02
-9.223572784327220688e+02
-9.224103527273086911e+02
-9.224633892508886674e+02
-9.225164226231878501e+02
-9.225694880988099840e+02
-9.226226128770847481e+02
-9.226758106778480624e+02
-9.227290810391007199e+02
-9.227824131453602376e+02
-9.228357925263865127e+02
-9.228892081681545960e+02
-9.229426576697738938e+02
-9.229961489442831635e+02
-9.230496982312391765e+02
-9.231033254117978686e+02
-9.231570484070355178e+02
-9.232108785829669841e+02
-9.232648185855225620e+02
-9.233188630986056751e+02
-9.233730020037587565e+02
-9.234272246731317182e+02
-9.234815238785030260e+02
-9.235358980813579137e+02
-9.235903515290212908e+02
-9.236448923590029381e+02
-9.236995295431759132e+02
-9.237542697990799070e+02
-9.238091154960192171e+02
-9.238640641580036572e+02
-9.239191095825503908e+02
-9.239742440601545468e+02
-9.240294608658083462e+02
-9.240847561836246769e+02
-9.241401298920966383e+02
-9.241955850662462808e+02
-9.242511264885679338e+02
-9.243067587609584734e+02
-9.243624846888959610e+02
-9.244183044592090255e+02
-9.244742158214480696e+02
-9.245302151266928377e+02
-9.245862988004000727e+02
-9.246424647156370611e+02
-9.246987130136051292e+02
-9.247550461460906490e+02
-9.248114681989670771e+02
-9.248679837951428908e+02
-9.249245969914254601e+02
-9.249813105473376709e+02
-9.250381257806393478e+02
-9.250950430017172721e+02
-9.251520623197970963e+02
-9.252091845052849521e+02
-9.252664116037201438e+02
-9.253237471121864246e+02
-9.253811956981136291e+02
-9.254387625993113033e+02
-9.254964529390705366e+02
-9.255542711951874253e+02
-9.256122209842667417e+02
-9.256703051976893448e+02
-9.257285264008646664e+02
-9.257868873254809614e+02
-9.258453912689832350e+02
-9.259040422648159847e+02
-9.259628449776499792e+02
-9.260218043748353693e+02
-9.260809252951308963e+02
-9.261402120572538479e+02
-9.261996682212900396e+02
-9.262592965502409470e+02
-9.263190991427534300e+02
-9.263790776484715934e+02
-9.264392334535134523e+02
-9.264995677404772323e+02
-9.265600813756923344e+02
-9.266207746365940920e+02
-9.266816468420360025e+02
-9.267426959714197210e+02
-9.268039183488849631e+02
-9.268653084327249871e+02
-9.269268587028378761e+02
-9.269885595983125768e+02
-9.270503994372090801e+02
-9.271123642566572016e+02
-9.271744375391240283e+02
-9.272365998284105899e+02
-9.272988282725565341e+02
-9.273610961493596960e+02
-9.274233724294228978e+02
-9.274856214150765936e+02
-9.275478024705714688e+02
-9.276098698409550707e+02
-9.276717725534226702e+02
-9.277334544100478979e+02
-9.277948541134406923e+02
-9.278559056114997929e+02
-9.279165387969217136e+02
-9.279766807453919455e+02
-9.280362577199493899e+02
-9.280951982061910712e+02
-9.281534372707573084e+02
-9.282109225438788371e+02
-9.282676220915108161e+02
-9.283235343181983126e+02
-9.283786997581520382e+02
-9.284332140820723680e+02
-9.284872408005409170e+02
-9.285410210038331797e+02
-9.285948762869874145e+02
-9.286492003703923501e+02
-9.287044357886242096e+02
-9.287610352444313548e+02
-9.288194125941960237e+02
-9.288798936908692667e+02
-9.289426787580612199e+02
-9.290078235324177740e+02
-9.290752388087406644e+02
-9.291447032412211229e+02
-9.292158852841515682e+02
-9.292883735567733083e+02
-9.293617153150792092e+02
-9.294354592052452517e+02
-9.295091947911532770e+02
-9.295825810690695334e+02
-9.296553595764161173e+02
-9.297273525477902467e+02
-9.297984504669910848e+02
-9.298685950756590728e+02
-9.299377634183070995e+02
-9.300059565354607685e+02
-9.300731938882649956e+02
-9.301395123537041627e+02
-9.302049672808167315e+02
-9.302696329307634642e+02
-9.303336005251190954e+02
-9.303969736085575732e+02
-9.304598618183814551e+02
-9.305223748769255963e+02
-9.305846184644364030e+02
-9.306466927709959691e+02
-9.307086934069402560e+02
-9.307707134433727560e+02
-9.308328449787027239e+02
-9.308951788758946577e+02
-9.309578020567952308e+02
-9.310207926800130736e+02
-9.310842143194945493e+02
-9.311481106326632471e+02
-9.312125018672111310e+02
-9.312773840054162520e+02
-9.313427306143357782e+02
-9.314084968164956990e+02
-9.314746244135233155e+02
-9.315410471623204103e+02
-9.316076954676481137e+02
-9.316745001654876432e+02
-9.317413954481704650e+02
-9.318083211929229037e+02
-9.318752249619876693e+02
-9.319420637966281902e+02
-9.320088057296946999e+02
-9.320754307925086550e+02
-9.321419312563042467e+02
-9.322083109393818177e+02
-9.322745835916642818e+02
-9.323407705688025544e+02
-9.324068981545249244e+02
-9.324729949331762100e+02
-9.325390895470274017e+02
-9.326052090277797788e+02
-9.326713777246372956e+02
-9.327376167182879954e+02
-9.328039435474938728e+02
-9.328703720894905018e+02
-9.329369125050495768e+02
-9.330035712445983336e+02
-9.330703511739877740e+02
-9.331372518940842156e+02
-9.332042702974275699e+02
-9.332714013474969761e+02
-9.333386390099544769e+02
-9.334059772351685069e+02
-9.334734108999502951e+02
-9.335409366621890968e+02
-9.336085537526980715e+02
-9.336762648089169261e+02
-9.337440769371387432e+02
-9.338120032840134854e+02
-9.338800655479708439e+02
-9.339482981770368042e+02
-9.340167557561616150e+02
-9.340855270565963338e+02
-9.341547649154308601e+02
-9.342247600392926188e+02
-9.342961583626279207e+02
-9.343709962243490281e+02
-9.344869939800647671e+02
-9.346005206793604430e+02
-9.347042032635214355e+02
-9.347953416146004884e+02
-9.348748937311415830e+02
-9.349462191377024283e+02
-9.350150694708142964e+02
-9.351645627177174447e+02
-9.360092598515070677e+02
-9.357178634014926502e+02
-9.351780002153391251e+02
-9.357913835123077888e+02
-9.357301425729657467e+02
-9.352761568956099154e+02
-9.355182547353964537e+02
-9.355930750761742729e+02
-9.355631017215877137e+02
-9.355148839536778951e+02
-9.354600106039157481e+02
-9.354061712355756981e+02
-9.353624351102253058e+02
-9.353117285557053719e+02
-9.348351111698264049e+02
-9.347426765263716106e+02
-9.347648826012332393e+02
-9.347997958072094207e+02
-9.348966439058925744e+02
-9.350410368635738223e+02
-9.350845904318011890e+02
-9.351285933541674922e+02
-9.352641975516723960e+02
-9.354817135108874027e+02
-9.357245992741627560e+02
-9.359184679850845896e+02
-9.360715297050160189e+02
-9.361970587370767589e+02
-9.363069521596887625e+02
-9.364062807040193093e+02
-9.364949587185940345e+02
-9.365746469939958843e+02
-9.366485582265618177e+02
-9.367169461714970566e+02
-9.367783029419183549e+02
-9.368331216126559866e+02
-9.368825452828131120e+02
-9.369254248211634604e+02
-9.369595898220144363e+02
-9.369837679017888377e+02
-9.369958465655143982e+02
-9.369909855853890122e+02
-9.369632444508090430e+02
-9.369095282483510800e+02
-9.368370840677106344e+02
-9.367950007826095771e+02
-9.368838369031847151e+02
-9.369892780902393952e+02
-9.370998016357651750e+02
-9.372031473863731890e+02
-9.372952119729358174e+02
-9.373769422991524607e+02
-9.374494260923681850e+02
-9.375136346190319045e+02
-9.375715771286085101e+02
-9.376249703716026715e+02
-9.376740371256628350e+02
-9.377187159456475456e+02
-9.377595884970005500e+02
-9.377969179207851766e+02
-9.378301850479745099e+02
-9.378591374627844743e+02
-9.378842981531015539e+02
-9.379063618803838835e+02
-9.379261429773318923e+02
-9.379451841191622634e+02
-9.379655352018130543e+02
-9.379888001234097601e+02
-9.380157913099444613e+02
-9.380467631993669784e+02
-9.380813424197092445e+02
-9.381183845902384064e+02
-9.381563940237168708e+02
-9.381940896672208510e+02
-9.382304896115545034e+02
-9.382648089018559858e+02
-9.382965858101418917e+02
-9.383257676683797399e+02
-9.383525334484118048e+02
-9.383771769155619040e+02
-9.384002238016225874e+02
-9.384224962052696810e+02
-9.384450041835967795e+02
-9.384688892009266965e+02
-9.384954577346803717e+02
-9.385260827887656205e+02
-9.385619397316672803e+02
-9.386037732191282430e+02
-9.386517828439044706e+02
-9.387055612670720848e+02
-9.387641102015650176e+02
-9.388260510647613728e+02
-9.388899566785505613e+02
-9.389545925346116064e+02
-9.390190111409029896e+02
-9.390825638204703409e+02
-9.391448472215009815e+02
-9.392055944658958424e+02
-9.392645747804549501e+02
-9.393215374475009867e+02
-9.393761688431087578e+02
-9.394280507480702909e+02
-9.394766646211704710e+02
-9.395214884698763171e+02
-9.395622256249047268e+02
-9.395992079050859047e+02
-9.396338959838013807e+02
-9.396691297766694788e+02
-9.397087142151556236e+02
-9.397564099796857136e+02
-9.398149502292710622e+02
-9.398855155650609277e+02
-9.399676278922374877e+02
-9.400594456697904207e+02
-9.401583273523584694e+02
-9.402612744818216015e+02
-9.403652883187794487e+02
-9.404677953506467247e+02
-9.405669398552790881e+02
-9.406616058790094712e+02
-9.407512677347374392e+02
-9.408358082286187027e+02
-9.409153734830474605e+02
-9.409902775826520838e+02
-9.410609497403202113e+02
-9.411279100189238989e+02
-9.411917582663031681e+02
-9.412531662617667507e+02
-9.413128689304954833e+02
-9.413716506249277245e+02
-9.414303213107917827e+02
-9.414896803047307685e+02
-9.415504697663595834e+02
-9.416133238920972417e+02
-9.416787230973535543e+02
-9.417469632390639163e+02
-9.418181456849471260e+02
-9.418921880696708513e+02
-9.419688520139610546e+02
-9.420477822130774257e+02
-9.421285499167826174e+02
-9.422106943526132454e+02
-9.422937582443457813e+02
-9.423773156819052019e+02
-9.424609910309300176e+02
-9.425444681141883621e+02
-9.426274907045070677e+02
-9.427098571668105933e+02
-9.427914127019735133e+02
-9.428720423874142398e+02
-9.429516673639725468e+02
-9.430302449184957823e+02
-9.431077714116437392e+02
-9.431842860003738451e+02
-9.432598730553572750e+02
-9.433346615966587478e+02
-9.434088207970467010e+02
-9.434825515457725942e+02
-9.435560747845177048e+02
-9.436296175647098607e+02
-9.437033978383099111e+02
-9.437776091818152508e+02
-9.438524068771179145e+02
-9.439278968906669434e+02
-9.440041292576439673e+02
-9.440810970327631821e+02
-9.441587411757058135e+02
-9.442369606913994176e+02
-9.443156264275181684e+02
-9.443945963834199802e+02
-9.444737302975677267e+02
-9.445529016837300560e+02
-9.446320062368941990e+02
-9.447109663133179538e+02
-9.447897317740964809e+02
-9.448682778499063488e+02
-9.449466008946797047e+02
-9.450247129786957885e+02
-9.451026362599571939e+02
-9.451803979880182851e+02
-9.452580268017374010e+02
-9.453355506545372009e+02
-9.454129963030994759e+02
-9.454903899471205477e+02
-9.455677583967408282e+02
-9.456451301110304257e+02
-9.457225355919624690e+02
-9.458000068689786985e+02
-9.458775760696232737e+02
-9.459552732746990387e+02
-9.460331239890289226e+02
-9.461111466278447324e+02
-9.461893504291299450e+02
-9.462677341603889545e+02
-9.463462858953616887e+02
-9.464249839863994112e+02
-9.465037991622832578e+02
-9.465826974807938541e+02
-9.466616437133160389e+02
-9.467406046735053451e+02
-9.468195520376565355e+02
-9.468984643271625146e+02
-9.469773278932995026e+02
-9.470561369136569283e+02
-9.471348925454321943e+02
-9.472136014718562365e+02
-9.472922741238897970e+02
-9.473709228640612992e+02
-9.474495603880055796e+02
-9.475281985352537504e+02
-9.476068476086925330e+02
-9.476855161952081517e+02
-9.477642113812239586e+02
-9.478429391897287815e+02
-9.479217050448739883e+02
-9.480005140979242242e+02
-9.480793713122001236e+02
-9.481582812830123430e+02
-9.482372478396544011e+02
-9.483162735260219733e+02
-9.483953590787905341e+02
-9.484745030177043645e+02
-9.485537014349849869e+02
-9.486329480246827188e+02
-9.487122343320935443e+02
-9.487915501317262397e+02
-9.488708837614982485e+02
-9.489502221422990260e+02
-9.490295500541552656e+02
-9.491088478840298421e+02
-9.491880860427737616e+02
-9.492672107662161807e+02
-9.493461007547848567e+02
-9.494243655004107723e+02
-9.494968130319940656e+02
-9.497260396306970733e+02
-9.498708039248645036e+02
-9.499846834754887368e+02
-9.500694761282069294e+02
-9.501316418921036302e+02
-9.501840781394042779e+02
-9.502367087178048450e+02
-9.504305336691630828e+02
-9.506244883902047604e+02
-9.508037804802551136e+02
-9.509632432609936359e+02
-9.511027810654746872e+02
-9.512236401642030614e+02
-9.513280054461720283e+02
-9.514184964664159452e+02
-9.514969894151753351e+02
-9.515649471622142528e+02
-9.516244320162094255e+02
-9.516778950438335869e+02
-9.517277092289119764e+02
-9.517764122431020724e+02
-9.518263178097814716e+02
-9.518785230078615314e+02
-9.519333953137789877e+02
-9.519915331126474030e+02
-9.520532828827533649e+02
-9.521181725209809201e+02
-9.521853281100489994e+02
-9.522539505411850769e+02
-9.523232321748774893e+02
-9.523922640232165122e+02
-9.524602964767557296e+02
-9.525268701852485265e+02
-9.525916288099281246e+02
-9.526542299385391743e+02
-9.527144644885165690e+02
-9.527723766016288209e+02
-9.528283545652116118e+02
-9.528831605666407540e+02
-9.529377907343874767e+02
-9.529932417919440013e+02
-9.530503825962695146e+02
-9.530926751397727230e+02
-9.533847571400749530e+02
-9.535728714611522037e+02
-9.537351309821066252e+02
-9.538770888626719398e+02
-9.540094832015887505e+02
-9.541384107613688457e+02
-9.542636972649867175e+02
-9.543866738855718950e+02
-9.563999677082902053e+02
-9.563793727801030400e+02
-9.562083481820631050e+02
-9.564526574267569003e+02
-9.559698920766351193e+02
-9.562517765352072274e+02
-9.561803174022113581e+02
-9.558967153886303549e+02
-9.562116135799697076e+02
-9.561580045535617955e+02
-9.560960239609963764e+02
-9.560262636824118090e+02
-9.559530698991185318e+02
-9.558845142277452851e+02
-9.558196829551890232e+02
-9.557557763640338635e+02
-9.556967502390355094e+02
-9.556455392767026069e+02
-9.555992414611479262e+02
-9.555568034032668265e+02
-9.555210314874540245e+02
-9.554919140161248379e+02
-9.554668235391180815e+02
-9.554459156675318354e+02
-9.554305468508365493e+02
-9.554193075876437433e+02
-9.554103301130974160e+02
-9.554038419831995270e+02
-9.553995145858582418e+02
-9.553950029520602811e+02
-9.553884192136345064e+02
-9.553788838311769496e+02
-9.553645975069205178e+02
-9.553434040113663741e+02
-9.553149691251451259e+02
-9.552807062207288027e+02
-9.552430154256167043e+02
-9.552061763864518298e+02
-9.551764953368692659e+02
-9.551600837841274370e+02
-9.551595994587928544e+02
-9.551877380598442642e+02
-9.553066025010615476e+02
-9.554307129806761623e+02
-9.555417930988190847e+02
-9.556367284794181387e+02
-9.557178643652171104e+02
-9.557880463409644562e+02
-9.558496569110200198e+02
-9.559048838071435057e+02
-9.559551697781281518e+02
-9.560010143761642212e+02
-9.560426746957302839e+02
-9.560803689068286531e+02
-9.561138611390950928e+02
-9.561426062833011201e+02
-9.561662530146961672e+02
-9.561846411079019390e+02
-9.561977230052140158e+02
-9.562059699299850308e+02
-9.562106772412693090e+02
-9.562137502622662169e+02
-9.562174188249499593e+02
-9.562240102424783572e+02
-9.562354511143651052e+02
-9.562527244386973280e+02
-9.562757815048005341e+02
-9.563037758367586321e+02
-9.563303096790285736e+02
-9.566413991121100935e+02
-9.569038972114432227e+02
-9.570432068872411264e+02
-9.571286816615412363e+02
-9.572043728434847480e+02
-9.572979022143382508e+02
-9.574664698493980950e+02
-9.575648405370259297e+02
-9.582986769280677208e+02
-9.585186432209402483e+02
-9.586886989166771400e+02
-9.587781490791468286e+02
-9.587845424435763562e+02
-9.588144154085173341e+02
-9.592561765154622435e+02
-9.595487855909558448e+02
-9.598020107576469400e+02
-9.600059827774798578e+02
-9.601715609642258187e+02
-9.603114682625995329e+02
-9.604347075826360651e+02
-9.605452953131211871e+02
-9.606456688498510630e+02
-9.607385121356570608e+02
-9.608250198097317707e+02
-9.609048877051315003e+02
-9.609782014262378880e+02
-9.610450874403445596e+02
-9.611044416513977922e+02
-9.611548438593895298e+02
-9.611957946255820389e+02
-9.612274772186468681e+02
-9.612510719522647378e+02
-9.612699921722177123e+02
-9.612896346541322146e+02
-9.613276304735892381e+02
-9.616883325475643005e+02
-9.620622391370797004e+02
-9.624083629197656364e+02
-9.627255691353092288e+02
-9.630154530097937595e+02
-9.632799489891699523e+02
-9.635208028177627284e+02
-9.637395523052367707e+02
-9.639377783132455306e+02
-9.641170026875046233e+02
-9.642785288875702463e+02
-9.644236218545718202e+02
-9.645536422430668608e+02
-9.646699266317566526e+02
-9.647737903988588641e+02
-9.648666998973037607e+02
-9.649502906408172294e+02
-9.650262874508840696e+02
-9.650965465628754600e+02
-9.651630735029764310e+02
-9.652278809990652917e+02
-9.652933860359305527e+02
-9.653741965910163572e+02
-9.655943667952716396e+02
-9.658703197980182722e+02
-9.661343838815483878e+02
-9.663825142815388745e+02
-9.666190179667026996e+02
-9.668511527001712693e+02
-9.670917913303086380e+02
-9.673502360482743825e+02
-9.676165593430554281e+02
-9.678766680399571669e+02
-9.681245227792314836e+02
-9.683611941922794131e+02
-9.685940435323302609e+02
-9.688380856064756017e+02
-9.691108355680544264e+02
-9.694113287427951491e+02
-9.697265206631217325e+02
-9.700875298238040614e+02
-9.712869190334297400e+02
-9.720112449956909586e+02
-9.724022782541411516e+02
-9.775296082816010994e+02
-9.821058947885306907e+02
-9.855530926713585131e+02
-9.878603751392411141e+02
-9.892409150853104620e+02
-9.899580977288524082e+02
-9.902300902947358736e+02
-9.891938140646659576e+02
-9.899298548419856161e+02
-9.899864399193440931e+02
-9.901187106405163831e+02
-9.898641357821007887e+02
-9.904376346668368569e+02
-9.906730279298243431e+02
-9.907075074526688923e+02
-9.901162610672300843e+02
-9.907061427669032128e+02
-9.914832991764346843e+02
-9.917247525044688246e+02
-9.918921997952274978e+02
-9.919224726502185376e+02
-9.914577649305737168e+02
-9.919349396331540447e+02
-9.920707863110135349e+02
-9.922841774544563123e+02
-9.925334422208096612e+02
-9.927683442234160793e+02
-9.929663219243880121e+02
-9.931265282683016267e+02
-9.932562864704718777e+02
-9.933644319313293636e+02
-9.934578061024883482e+02
-9.935404888773523453e+02
-9.936154578552565226e+02
-9.936852603322174673e+02
-9.937512949636817439e+02
-9.938141430881863698e+02
-9.938745321758265163e+02
-9.939331116096276446e+02
-9.939899600523675645e+02
-9.940450683407807446e+02
-9.940987047119866702e+02
-9.941509855219916290e+02
-9.942017509164099920e+02
-9.942509813765526587e+02
-9.942987985327225715e+02
-9.943451477713248323e+02
-9.943899110411886113e+02
-9.944331438902585205e+02
-9.944749192918804965e+02
-9.945151837862929369e+02
-9.945539262483417815e+02
-9.945912412586840219e+02
-9.946271718633315686e+02
-9.946617064273846154e+02
-9.946949071999137004e+02
-9.947268717430341667e+02
-9.947576371263180590e+02
-9.947872367323176377e+02
-9.948157568169865499e+02
-9.948432706386661266e+02
-9.948698123385665895e+02
-9.948954384784209424e+02
-9.949202294976454368e+02
-9.949442380105906523e+02
-9.949675021254203102e+02
-9.949900816525045002e+02
-9.950120351021651004e+02
-9.950333978224333578e+02
-9.950542083681314125e+02
-9.950745183939271783e+02
-9.950943680655473145e+02
-9.951137854319231337e+02
-9.951328060644198104e+02
-9.951514671138934318e+02
-9.951697937486885621e+02
-9.951878091857724939e+02
-9.952055431509718346e+02
-9.952230212789504549e+02
-9.952402616146985110e+02
-9.952572841407687747e+02
-9.952741104558542702e+02
-9.952907564763243045e+02
-9.953072356929485522e+02
-9.953235645687742590e+02
-9.953397583830764006e+02
-9.953558282134886213e+02
-9.953717851618171153e+02
-9.953876413282024487e+02
-9.954034062287075812e+02
-9.954190875786771358e+02
-9.954346943139098585e+02
-9.954502351409694256e+02
-9.954657165697301480e+02
-9.954811446360981790e+02
-9.954965258336226270e+02
-9.955118654761830612e+02
-9.955271677290833168e+02
-9.955424371815452105e+02
-9.955576784312440850e+02
-9.955728949520241713e+02
-9.955880897299772414e+02
-9.956032658865514122e+02
-9.956184259752003527e+02
-9.956335718595864819e+02
-9.956487054983001599e+02
-9.956638288780060293e+02
-9.956789434042095763e+02
-9.956940501009505624e+02
